871.220167E+3	1.955305E+0	1.028799E+0	-11.655109E+0	435.860028E+0	-194.280369E+0	477.198938E+0	-24.024458E+0	
759.065015E+3	1.958081E+0	1.010935E+0	-10.243742E+0	458.449900E+0	-174.292162E+0	490.463117E+0	-20.815658E+0	
660.717001E+3	1.964790E+0	991.869929E-3	-12.633164E+0	472.066669E+0	-219.218287E+0	520.484003E+0	-24.909210E+0	
575.500826E+3	1.971685E+0	970.772355E-3	-12.397223E+0	497.746542E+0	-220.636983E+0	544.455966E+0	-23.906357E+0	
501.149994E+3	1.976121E+0	949.182621E-3	-12.908568E+0	520.827568E+0	-235.336516E+0	571.528330E+0	-24.315885E+0	
436.516164E+3	1.981586E+0	927.067019E-3	-14.479368E+0	541.211398E+0	-270.424996E+0	605.011947E+0	-26.549745E+0	
380.185484E+3	1.985030E+0	902.939857E-3	-14.890045E+0	569.041104E+0	-285.846323E+0	636.801302E+0	-26.671743E+0	
331.157453E+3	1.989715E+0	882.953454E-3	-15.032551E+0	595.238134E+0	-295.746534E+0	664.661153E+0	-26.420674E+0	
288.397089E+3	1.995216E+0	863.018697E-3	-15.905052E+0	619.039007E+0	-320.583051E+0	697.124655E+0	-27.378380E+0	
251.244065E+3	1.997947E+0	838.041488E-3	-15.654476E+0	655.590299E+0	-325.512685E+0	731.954335E+0	-26.405247E+0	
218.801239E+3	2.001335E+0	819.553138E-3	-15.485133E+0	684.789303E+0	-329.902371E+0	760.113126E+0	-25.722790E+0	
190.490328E+3	2.004169E+0	799.002118E-3	-15.496588E+0	717.079199E+0	-339.111455E+0	793.220749E+0	-25.309774E+0	
165.958072E+3	2.003910E+0	781.530698E-3	-15.258214E+0	745.691568E+0	-341.443086E+0	820.145898E+0	-24.602467E+0	
144.514835E+3	2.006309E+0	764.674033E-3	-15.246868E+0	774.884844E+0	-349.134068E+0	849.906535E+0	-24.254542E+0	
125.824757E+3	2.006384E+0	748.101799E-3	-15.298870E+0	802.984093E+0	-358.069774E+0	879.202716E+0	-24.033233E+0	
109.648145E+3	2.008384E+0	729.986279E-3	-15.390187E+0	836.217803E+0	-369.461080E+0	914.200035E+0	-23.836991E+0	
95.518379E+3	2.005402E+0	713.402491E-3	-15.541452E+0	864.378418E+0	-381.107457E+0	944.665519E+0	-23.792850E+0	
83.197763E+3	2.003984E+0	698.445829E-3	-17.206247E+0	880.843173E+0	-429.465367E+0	979.961835E+0	-25.992088E+0	
72.432272E+3	2.002406E+0	683.160232E-3	-15.994394E+0	919.719097E+0	-408.667419E+0	1.006425E+3	-23.957462E+0	
63.092568E+3	2.000747E+0	670.154003E-3	-16.440444E+0	942.900508E+0	-427.546189E+0	1.035305E+3	-24.391309E+0	
54.959245E+3	2.002059E+0	659.559022E-3	-15.875733E+0	971.353006E+0	-420.158658E+0	1.058329E+3	-23.390892E+0	
47.879991E+3	1.998115E+0	649.465352E-3	-16.568034E+0	986.103419E+0	-443.909047E+0	1.081414E+3	-24.235597E+0	
41.697017E+3	1.999006E+0	637.902231E-3	-16.035218E+0	1.017967E+3	-438.004466E+0	1.108199E+3	-23.280939E+0	
36.331164E+3	1.996749E+0	624.428174E-3	-16.539682E+0	1.045098E+3	-460.624904E+0	1.142106E+3	-23.785393E+0	
31.644621E+3	1.994700E+0	613.266183E-3	-16.863648E+0	1.069034E+3	-477.440598E+0	1.170805E+3	-24.065985E+0	
27.565164E+3	1.992293E+0	602.806404E-3	-17.114744E+0	1.092289E+3	-492.148257E+0	1.198043E+3	-24.254700E+0	
24.014154E+3	1.988789E+0	592.695221E-3	-18.391359E+0	1.105161E+3	-535.692094E+0	1.228148E+3	-25.860330E+0	
20.926240E+3	1.990687E+0	582.609100E-3	-18.023246E+0	1.138089E+3	-534.934385E+0	1.257538E+3	-25.174871E+0	
18.241758E+3	1.993864E+0	572.855523E-3	-18.275218E+0	1.166338E+3	-552.270517E+0	1.290483E+3	-25.337939E+0	
15.893630E+3	1.992811E+0	562.409732E-3	-19.324445E+0	1.185918E+3	-593.311715E+0	1.326054E+3	-26.578685E+0	
13.842103E+3	1.992381E+0	555.068526E-3	-18.689990E+0	1.214475E+3	-582.013591E+0	1.346733E+3	-25.605170E+0	
12.064564E+3	1.991013E+0	546.371098E-3	-19.855913E+0	1.228278E+3	-626.291051E+0	1.378734E+3	-27.016737E+0	
10.515578E+3	1.992993E+0	536.202314E-3	-19.319021E+0	1.268833E+3	-622.199322E+0	1.413177E+3	-26.122002E+0	
9.170057E+3	1.992591E+0	526.964183E-3	-21.305149E+0	1.276561E+3	-695.176138E+0	1.453574E+3	-28.571357E+0	
7.991512E+3	1.992255E+0	517.390777E-3	-23.892711E+0	1.275427E+3	-789.148604E+0	1.499823E+3	-31.746444E+0	
6.961467E+3	1.994637E+0	506.054091E-3	-21.855226E+0	1.345079E+3	-742.449381E+0	1.536382E+3	-28.897572E+0	
6.070257E+3	1.993464E+0	499.118167E-3	-21.823654E+0	1.370113E+3	-751.290403E+0	1.562577E+3	-28.737799E+0	
5.291059E+3	1.995354E+0	487.324846E-3	-22.053039E+0	1.414239E+3	-777.895331E+0	1.614061E+3	-28.812786E+0	
4.616932E+3	1.996007E+0	477.436235E-3	-22.332309E+0	1.450756E+3	-803.813618E+0	1.658557E+3	-28.989311E+0	
4.027469E+3	1.995385E+0	467.606015E-3	-22.664749E+0	1.486476E+3	-832.030602E+0	1.703492E+3	-29.237212E+0	
3.513930E+3	1.997943E+0	455.897106E-3	-23.611431E+0	1.525872E+3	-888.185990E+0	1.765548E+3	-30.203004E+0	
3.067744E+3	1.998178E+0	445.445934E-3	-23.671454E+0	1.572835E+3	-911.309921E+0	1.817773E+3	-30.088251E+0	
2.678317E+3	1.997889E+0	436.316011E-3	-24.432898E+0	1.603479E+3	-958.362794E+0	1.868048E+3	-30.865803E+0	
2.338947E+3	2.000146E+0	426.235404E-3	-25.008399E+0	1.645833E+3	-1.003800E+3	1.927792E+3	-31.379184E+0	
2.043722E+3	2.003314E+0	415.063423E-3	-24.722976E+0	1.712368E+3	-1.021413E+3	1.993863E+3	-30.815723E+0	
1.787060E+3	2.002817E+0	401.832901E-3	-25.359135E+0	1.772989E+3	-1.080152E+3	2.076106E+3	-31.350891E+0	
1.563294E+3	2.005473E+0	389.667492E-3	-25.991432E+0	1.834804E+3	-1.141253E+3	2.160778E+3	-31.881726E+0	
1.367264E+3	2.005255E+0	376.326586E-3	-26.135635E+0	1.914541E+3	-1.187678E+3	2.253008E+3	-31.813237E+0	
1.197535E+3	2.007617E+0	363.883203E-3	-28.481220E+0	1.947833E+3	-1.331282E+3	2.359315E+3	-34.351353E+0	
1.049745E+3	2.009798E+0	350.756848E-3	-27.917263E+0	2.055914E+3	-1.357452E+3	2.463627E+3	-33.435465E+0	
920.339552E+0	2.011763E+0	341.354301E-3	-28.884282E+0	2.105116E+3	-1.440479E+3	2.550783E+3	-34.382874E+0	
808.764803E+0	2.011862E+0	328.973627E-3	-33.572668E+0	2.072274E+3	-1.711229E+3	2.687494E+3	-39.548989E+0	
710.085585E+0	2.011517E+0	315.927954E-3	-31.297398E+0	2.246893E+3	-1.673614E+3	2.801698E+3	-36.680840E+0	
624.904872E+0	2.014839E+0	306.409804E-3	-30.919672E+0	2.348428E+3	-1.709671E+3	2.904839E+3	-36.054868E+0	
550.698808E+0	2.015044E+0	293.729560E-3	-31.531720E+0	2.452733E+3	-1.815368E+3	3.051468E+3	-36.506655E+0	
486.507096E+0	2.018485E+0	283.515189E-3	-32.994165E+0	2.515480E+3	-1.961735E+3	3.189991E+3	-37.949419E+0	
429.807300E+0	2.019792E+0	274.768845E-3	-32.146784E+0	2.643292E+3	-1.979133E+3	3.302115E+3	-36.823581E+0	
380.804878E+0	2.019812E+0	261.615852E-3	-33.396454E+0	2.755538E+3	-2.150298E+3	3.495250E+3	-37.966882E+0	
338.127927E+0	2.023746E+0	253.184045E-3	-33.859917E+0	2.852603E+3	-2.253479E+3	3.635314E+3	-38.307774E+0	
300.967733E+0	2.025017E+0	244.893965E-3	-34.446096E+0	2.944447E+3	-2.366650E+3	3.777671E+3	-38.791182E+0	
268.485603E+0	2.027547E+0	235.773596E-3	-35.538998E+0	3.034799E+3	-2.529266E+3	3.950594E+3	-39.808537E+0	
240.920779E+0	2.028787E+0	229.702958E-3	-35.335068E+0	3.139822E+3	-2.584738E+3	4.066860E+3	-39.461602E+0	
215.838935E+0	2.032402E+0	224.636844E-3	-36.876239E+0	3.156125E+3	-2.747227E+3	4.184301E+3	-41.037715E+0	
194.393559E+0	2.036192E+0	216.467342E-3	-37.410530E+0	3.274621E+3	-2.891604E+3	4.368583E+3	-41.445623E+0	
175.767975E+0	2.040768E+0	210.945251E-3	-36.395413E+0	3.434384E+3	-2.904615E+3	4.497975E+3	-40.222720E+0	
159.867696E+0	2.041615E+0	206.404210E-3	-38.116501E+0	3.431735E+3	-3.089411E+3	4.617496E+3	-41.995041E+0	
145.433230E+0	2.048681E+0	202.211480E-3	-37.542522E+0	3.558791E+3	-3.123820E+3	4.735319E+3	-41.275867E+0	
132.823553E+0	2.062315E+0	198.875594E-3	-36.906129E+0	3.689733E+3	-3.150947E+3	4.852071E+3	-40.496567E+0	
119.823941E+0	2.092793E+0	196.102334E-3	-35.816593E+0	3.872833E+3	-3.160042E+3	4.998470E+3	-39.212761E+0	
111.479110E+0	2.107417E+0	193.440197E-3	-36.439309E+0	3.928790E+3	-3.274308E+3	5.114340E+3	-39.808294E+0	
104.540481E+0	2.074049E+0	185.858682E-3	-39.136980E+0	3.873721E+3	-3.563999E+3	5.263820E+3	-42.615462E+0	
98.551517E+0	2.007983E+0	177.483025E-3	-40.346748E+0	3.857035E+3	-3.706247E+3	5.349110E+3	-43.857855E+0	
93.303546E+0	1.926900E+0	170.121277E-3	-43.940790E+0	3.620844E+3	-3.977014E+3	5.378397E+3	-47.683924E+0	
88.588169E+0	1.841522E+0	160.727629E-3	-48.505347E+0	3.335100E+3	-4.342390E+3	5.475331E+3	-52.474540E+0	
84.295319E+0	1.761921E+0	152.974327E-3	-56.874726E+0	2.678827E+3	-4.880807E+3	5.567620E+3	-61.239855E+0	
80.351055E+0	1.691300E+0	146.638831E-3	-55.941172E+0	2.762468E+3	-4.834987E+3	5.568512E+3	-60.258531E+0	
76.771331E+0	1.634331E+0	142.191985E-3	-53.862817E+0	2.923743E+3	-4.696946E+3	5.532592E+3	-58.098666E+0	
72.481668E+0	1.700044E+0	141.507370E-3	-43.085822E+0	3.933680E+3	-4.152519E+3	5.719899E+3	-46.550232E+0	
70.687948E+0	1.459521E+0	123.560184E-3	-43.301005E+0	3.843816E+3	-4.099204E+3	5.619466E+3	-46.841563E+0	
68.964180E+0	1.234876E+0	103.683427E-3	-46.239621E+0	3.662184E+3	-4.352564E+3	5.688269E+3	-49.923226E+0	
67.207198E+0	1.041168E+0	89.568676E-3	-43.150867E+0	3.785147E+3	-4.022736E+3	5.523562E+3	-46.742937E+0	
65.410321E+0	892.649524E-3	77.426768E-3	-46.212295E+0	3.530817E+3	-4.211363E+3	5.495657E+3	-50.023445E+0	
61.137654E+0	829.891613E-3	72.557442E-3	-42.460243E+0	3.763694E+3	-3.907007E+3	5.424951E+3	-46.070341E+0	
57.357968E+0	846.071319E-3	74.071049E-3	-36.987850E+0	4.110650E+3	-3.477361E+3	5.384189E+3	-40.229196E+0	
54.451794E+0	910.585025E-3	80.011739E-3	-36.518585E+0	4.121983E+3	-3.426851E+3	5.360415E+3	-39.738773E+0	
52.422277E+0	993.476588E-3	86.276282E-3	-35.715560E+0	4.224779E+3	-3.401358E+3	5.423836E+3	-38.837446E+0	
51.058825E+0	1.083185E+0	94.310322E-3	-33.055397E+0	4.364934E+3	-3.169921E+3	5.394539E+3	-35.988066E+0	
50.160471E+0	1.168982E+0	100.069852E-3	-33.459289E+0	4.425347E+3	-3.258951E+3	5.495859E+3	-36.368983E+0	
49.541210E+0	1.244826E+0	106.438932E-3	-398.408797E+0	4.131158E+3	-3.676526E+3	5.530218E+3	-41.667495E+0	
49.128444E+0	1.310786E+0	112.402627E-3	-34.877851E+0	4.334802E+3	-3.374209E+3	5.493250E+3	-37.897182E+0	
50.987727E+0	1.364192E+0	116.198731E-3	303.867373E+0	2.804490E+3	-4.932594E+3	5.674121E+3	-60.379046E+0	
50.647705E+0	1.408984E+0	120.468350E-3	-39.090406E+0	4.087359E+3	-3.731645E+3	5.534590E+3	-42.395207E+0	
50.374211E+0	1.447002E+0	124.038585E-3	-37.483006E+0	4.178123E+3	-3.592047E+3	5.509947E+3	-40.686554E+0	
50.123272E+0	1.479532E+0	126.793074E-3	-37.901642E+0	4.153004E+3	-3.627150E+3	5.513951E+3	-41.133309E+0	
49.931924E+0	1.507651E+0	128.952196E-3	-395.750927E+0	4.295154E+3	-3.456454E+3	5.513205E+3	-38.824798E+0	
49.764726E+0	1.531062E+0	130.357901E-3	-38.688340E+0	4.132857E+3	-3.714875E+3	5.557050E+3	-41.951225E+0	
49.578738E+0	1.553162E+0	133.784822E-3	-40.192557E+0	3.981303E+3	-3.791066E+3	5.497541E+3	-43.597904E+0	
49.455406E+0	1.569314E+0	135.384357E-3	-40.296371E+0	3.967535E+3	-3.793347E+3	5.489154E+3	-43.714245E+0	
4.985948E+3	6.894860E-3	308.326398E-6	112.919278E+0	-4.912553E+3	10.421988E+3	11.521762E+3	115.237516E+0
871.526922E+3	1.954726E+0	1.017985E+0	-10.047427E+0	450.716208E+0	-169.511557E+0	481.538439E+0	-20.610968E+0	
758.765842E+3	1.959318E+0	999.890840E-3	-10.814884E+0	467.912370E+0	-186.045933E+0	503.542526E+0	-21.683189E+0	
660.670081E+3	1.965656E+0	979.343607E-3	-8.737767E+0	497.813469E+0	-154.282288E+0	521.172979E+0	-17.219248E+0	
575.589492E+3	1.970979E+0	957.554220E-3	-9.734458E+0	520.527583E+0	-176.103040E+0	549.510005E+0	-18.691523E+0	
501.123973E+3	1.976524E+0	936.760829E-3	-12.534730E+0	536.190324E+0	-231.710892E+0	584.114715E+0	-23.371249E+0	
436.496051E+3	1.980501E+0	916.252358E-3	-11.602649E+0	565.381683E+0	-219.974694E+0	606.667383E+0	-21.259663E+0	
380.196975E+3	1.983916E+0	896.115633E-3	-11.809630E+0	590.524396E+0	-229.268237E+0	633.469010E+0	-21.218461E+0	
331.137849E+3	1.987731E+0	879.114948E-3	-12.097257E+0	612.689354E+0	-239.770194E+0	657.934640E+0	-21.372421E+0	
288.398192E+3	1.992400E+0	864.575645E-3	-11.551447E+0	636.450128E+0	-233.502595E+0	677.932317E+0	-20.147218E+0	
251.168549E+3	1.996201E+0	847.885714E-3	-10.732249E+0	664.452178E+0	-221.841629E+0	700.507248E+0	-18.462694E+0	
218.803563E+3	1.997250E+0	833.255685E-3	-11.342429E+0	683.155280E+0	-238.532565E+0	723.601355E+0	-19.247313E+0	
190.489628E+3	2.000010E+0	821.493899E-3	-10.360767E+0	705.821631E+0	-221.553248E+0	739.777004E+0	-17.426766E+0	
165.952129E+3	2.001684E+0	810.062021E-3	-9.942793E+0	725.559749E+0	-215.889551E+0	756.997522E+0	-16.570319E+0	
144.501391E+3	2.000167E+0	798.117458E-3	-9.813112E+0	743.536155E+0	-216.126872E+0	774.310557E+0	-16.207791E+0	
125.863334E+3	1.999897E+0	787.909700E-3	-9.941492E+0	759.059726E+0	-221.732419E+0	790.782482E+0	-16.283854E+0	
109.646622E+3	2.000488E+0	777.636355E-3	-9.941303E+0	776.152498E+0	-224.723981E+0	808.030673E+0	-16.147626E+0	
95.541166E+3	1.999535E+0	769.735277E-3	-9.102861E+0	791.877775E+0	-207.952814E+0	818.727539E+0	-14.714051E+0	
83.232253E+3	1.995767E+0	761.173169E-3	-11.503941E+0	794.060166E+0	-264.593357E+0	836.983388E+0	-18.428885E+0	
72.425961E+3	1.993806E+0	752.709061E-3	-9.986556E+0	814.005060E+0	-232.433167E+0	846.539672E+0	-15.936304E+0	
63.089796E+3	1.992783E+0	741.574572E-3	-9.668240E+0	834.426641E+0	-228.358658E+0	865.110106E+0	-15.305453E+0	
54.948422E+3	1.991948E+0	733.424351E-3	-9.134077E+0	850.846837E+0	-218.159437E+0	878.370013E+0	-14.380989E+0	
47.879257E+3	1.990046E+0	723.120766E-3	-9.938954E+0	865.625543E+0	-240.348043E+0	898.373399E+0	-15.517751E+0	
41.700023E+3	1.989512E+0	716.708301E-3	-9.633973E+0	878.797190E+0	-235.065578E+0	909.692436E+0	-14.975214E+0	
36.334565E+3	1.986184E+0	705.419587E-3	-10.612638E+0	894.327092E+0	-262.383790E+0	932.022640E+0	-16.350994E+0	
31.648158E+3	1.984469E+0	696.480884E-3	-10.495428E+0	911.614381E+0	-262.622302E+0	948.689229E+0	-16.070890E+0	
27.564454E+3	1.982369E+0	686.880425E-3	-10.160119E+0	931.439850E+0	-257.603465E+0	966.405577E+0	-15.459570E+0	
24.021773E+3	1.979217E+0	678.298929E-3	-10.538890E+0	945.556988E+0	-270.049415E+0	983.363973E+0	-15.939249E+0	
20.927228E+3	1.978975E+0	670.003965E-3	-11.126141E+0	960.469568E+0	-288.404789E+0	1.002836E+3	-16.713687E+0	
18.242043E+3	1.979763E+0	662.391306E-3	-11.423771E+0	976.378250E+0	-299.539945E+0	1.021293E+3	-17.055321E+0	
15.893251E+3	1.979998E+0	653.787612E-3	-12.305424E+0	991.216097E+0	-326.594368E+0	1.043635E+3	-18.236460E+0	
13.840892E+3	1.980128E+0	646.422888E-3	-11.835289E+0	1.011033E+3	-317.899918E+0	1.059834E+3	-17.454758E+0	
12.064609E+3	1.982186E+0	637.002545E-3	-12.682393E+0	1.030125E+3	-345.684743E+0	1.086580E+3	-18.550492E+0	
10.514972E+3	1.983683E+0	626.760037E-3	-13.359817E+0	1.052141E+3	-370.047003E+0	1.115319E+3	-19.377207E+0	
9.168818E+3	1.982445E+0	616.583089E-3	-14.533098E+0	1.068841E+3	-408.252326E+0	1.144155E+3	-20.904754E+0	
7.994666E+3	1.982562E+0	607.980714E-3	-17.794495E+0	1.065074E+3	-504.250338E+0	1.178411E+3	-25.334812E+0	
6.963159E+3	1.984037E+0	597.860374E-3	-15.522202E+0	1.111947E+3	-449.371663E+0	1.199317E+3	-22.005133E+0	
6.070270E+3	1.985963E+0	587.639305E-3	-15.994670E+0	1.137857E+3	-471.202842E+0	1.231564E+3	-22.495149E+0	
5.292014E+3	1.984091E+0	575.959887E-3	-16.299914E+0	1.167028E+3	-489.224785E+0	1.265423E+3	-22.743715E+0	
4.615750E+3	1.986402E+0	565.016886E-3	-16.258166E+0	1.201780E+3	-498.036674E+0	1.300891E+3	-22.509885E+0	
4.028290E+3	1.984539E+0	554.530357E-3	-17.869917E+0	1.217496E+3	-555.675023E+0	1.338309E+3	-24.532332E+0	
3.514280E+3	1.987596E+0	544.877236E-3	-18.267510E+0	1.246759E+3	-578.567285E+0	1.374463E+3	-24.893984E+0	
3.067466E+3	1.989153E+0	532.755737E-3	-19.608701E+0	1.273691E+3	-634.023919E+0	1.422770E+3	-26.463425E+0	
2.678057E+3	1.988837E+0	519.720023E-3	-20.108146E+0	1.312305E+3	-665.698280E+0	1.471495E+3	-26.897498E+0	
2.339223E+3	1.990845E+0	507.311181E-3	-20.492033E+0	1.354046E+3	-695.147875E+0	1.522061E+3	-27.175319E+0	
2.043737E+3	1.994467E+0	494.932991E-3	-21.282569E+0	1.394004E+3	-740.114717E+0	1.578295E+3	-27.965054E+0	
1.787318E+3	1.995816E+0	484.120870E-3	-22.198159E+0	1.425404E+3	-788.119000E+0	1.628775E+3	-28.938609E+0	
1.563227E+3	1.995452E+0	473.400636E-3	-22.620425E+0	1.462789E+3	-820.351281E+0	1.677119E+3	-29.284283E+0	
1.367042E+3	1.998111E+0	462.288461E-3	-23.201557E+0	1.504164E+3	-861.622032E+0	1.733465E+3	-29.805139E+0	
1.197879E+3	1.999211E+0	452.340614E-3	-24.630815E+0	1.526887E+3	-932.051252E+0	1.788883E+3	-31.400967E+0	
1.049558E+3	2.000865E+0	439.618058E-3	-25.048078E+0	1.580404E+3	-975.038444E+0	1.856981E+3	-31.672726E+0	
920.641867E+0	2.001528E+0	429.383476E-3	-26.047682E+0	1.613096E+3	-1.035736E+3	1.916984E+3	-32.703694E+0	
808.573533E+0	2.003756E+0	418.435617E-3	-29.482617E+0	1.603298E+3	-1.192539E+3	1.998178E+3	-36.642001E+0	
710.063535E+0	2.004856E+0	405.902944E-3	-28.099195E+0	1.698681E+3	-1.177150E+3	2.066688E+3	-34.721145E+0	
624.918935E+0	2.007805E+0	391.880538E-3	-27.703243E+0	1.789312E+3	-1.205232E+3	2.157365E+3	-33.963126E+0	
550.607512E+0	2.008503E+0	379.667338E-3	-29.095586E+0	1.833034E+3	-1.301654E+3	2.248181E+3	-35.378897E+0	
486.474161E+0	2.009850E+0	366.861447E-3	-29.623381E+0	1.903786E+3	-1.370250E+3	2.345631E+3	-35.744454E+0	
429.844675E+0	2.012013E+0	356.351846E-3	-30.054710E+0	1.966824E+3	-1.430836E+3	2.432218E+3	-36.035341E+0	
380.776170E+0	2.013763E+0	344.915081E-3	-30.676071E+0	2.034845E+3	-1.507209E+3	2.532247E+3	-36.527325E+0	
338.100457E+0	2.016202E+0	334.526163E-3	-32.091089E+0	2.077704E+3	-1.620195E+3	2.634746E+3	-37.947122E+0	
300.938292E+0	2.017193E+0	324.340522E-3	-32.699903E+0	2.142237E+3	-1.700132E+3	2.734891E+3	-38.436375E+0	
268.501089E+0	2.019852E+0	313.461470E-3	-32.641645E+0	2.239550E+3	-1.758665E+3	2.847541E+3	-38.141707E+0	
240.934084E+0	2.023182E+0	302.355780E-3	-34.417099E+0	2.287137E+3	-1.913725E+3	2.982170E+3	-39.920372E+0	
215.842235E+0	2.025598E+0	292.735767E-3	-35.418415E+0	2.347347E+3	-2.029149E+3	3.102818E+3	-40.841560E+0	
194.414792E+0	2.029982E+0	283.403801E-3	-34.358040E+0	2.486046E+3	-2.045480E+3	3.219381E+3	-39.447014E+0	
175.794041E+0	2.034959E+0	273.097365E-3	-36.175014E+0	2.537543E+3	-2.225499E+3	3.375199E+3	-41.251706E+0	
159.856752E+0	2.035297E+0	263.624923E-3	-35.591678E+0	2.670738E+3	-2.273623E+3	3.507450E+3	-40.408048E+0	
145.420858E+0	2.045534E+0	255.246428E-3	-36.249729E+0	2.764195E+3	-2.397782E+3	3.659253E+3	-40.939785E+0	
132.830671E+0	2.059436E+0	249.678595E-3	-36.352647E+0	2.855403E+3	-2.473954E+3	3.778065E+3	-40.906039E+0	
119.848875E+0	2.089093E+0	244.149375E-3	-33.849646E+0	3.089782E+3	-2.411681E+3	3.919561E+3	-37.973260E+0	
111.460734E+0	2.102524E+0	237.786841E-3	-35.332571E+0	3.143993E+3	-2.587456E+3	4.071808E+3	-39.453828E+0	
104.536408E+0	2.070282E+0	227.700411E-3	-37.072584E+0	3.164706E+3	-2.773373E+3	4.207964E+3	-41.229529E+0	
98.552258E+0	2.004120E+0	216.283448E-3	-39.986087E+0	3.086472E+3	-3.012956E+3	4.313260E+3	-44.309448E+0	
93.303227E+0	1.920940E+0	205.351554E-3	-42.144117E+0	3.003569E+3	-3.176051E+3	4.371352E+3	-46.598792E+0	
88.583232E+0	1.836269E+0	195.592423E-3	-42.670538E+0	2.986832E+3	-3.219769E+3	4.391819E+3	-47.149330E+0	
84.261392E+0	1.756572E+0	185.699717E-3	-52.439460E+0	2.411761E+3	-3.794193E+3	4.495830E+3	-57.558108E+0	
80.353763E+0	1.688255E+0	176.127495E-3	-49.074298E+0	2.671281E+3	-3.664631E+3	4.534894E+3	-53.910346E+0	
76.826096E+0	1.630698E+0	167.992610E-3	-47.095912E+0	2.837769E+3	-3.597809E+3	4.582267E+3	-51.735418E+0	
72.487100E+0	1.697451E+0	166.171218E-3	-42.040772E+0	3.332725E+3	-3.461353E+3	4.804999E+3	-46.084615E+0	
70.677851E+0	1.457191E+0	142.864464E-3	-42.562757E+0	3.295345E+3	-3.490959E+3	4.800635E+3	-46.651079E+0	
68.979530E+0	1.232454E+0	122.415907E-3	-43.463333E+0	3.191508E+3	-3.504310E+3	4.739822E+3	-47.674684E+0	
67.203407E+0	1.041142E+0	103.570982E-3	-41.731461E+0	3.289945E+3	-3.385805E+3	4.720955E+3	-45.822673E+0	
65.437638E+0	891.673417E-3	88.373329E-3	-45.657938E+0	3.062415E+3	-3.651324E+3	4.765559E+3	-50.012985E+0	
61.128159E+0	828.437683E-3	82.382815E-3	-41.870420E+0	3.283043E+3	-3.396185E+3	4.723605E+3	-45.970458E+0	
57.374637E+0	845.116410E-3	83.274319E-3	-38.674648E+0	3.503074E+3	-3.208962E+3	4.750680E+3	-42.490989E+0	
54.439477E+0	908.268098E-3	89.235473E-3	-35.044523E+0	3.710529E+3	-2.957331E+3	4.744874E+3	-38.555218E+0	
52.412418E+0	992.539048E-3	95.971545E-3	-32.956451E+0	3.884978E+3	-2.846792E+3	4.816355E+3	-36.232810E+0	
51.064564E+0	1.082812E+0	103.661804E-3	-32.003419E+0	3.976177E+3	-2.801147E+3	4.863785E+3	-35.164024E+0	
50.151353E+0	1.167844E+0	109.354838E-3	-33.318442E+0	4.009562E+3	-2.968251E+3	4.988697E+3	-36.512289E+0	
49.547009E+0	1.243922E+0	115.342157E-3	-397.187373E+0	3.841407E+3	-3.298351E+3	5.063154E+3	-40.650416E+0	
49.112938E+0	1.308620E+0	122.176133E-3	-32.311908E+0	4.074490E+3	-2.896998E+3	4.999407E+3	-35.413161E+0	
50.969572E+0	1.363325E+0	125.260320E-3	303.338948E+0	2.520746E+3	-4.600961E+3	5.246237E+3	-61.282824E+0	
50.665010E+0	1.408945E+0	129.799917E-3	304.776411E+0	2.626787E+3	-4.511452E+3	5.220461E+3	-59.789952E+0	
50.370367E+0	1.447090E+0	132.367380E-3	-35.402716E+0	4.002959E+3	-3.204672E+3	5.127729E+3	-38.679918E+0	
50.130147E+0	1.477155E+0	135.741282E-3	-37.481641E+0	3.863563E+3	-3.350659E+3	5.114102E+3	-40.933335E+0	
49.918655E+0	1.507404E+0	137.047465E-3	-393.360018E+0	4.142535E+3	-3.060492E+3	5.150457E+3	-36.456874E+0	
49.768658E+0	1.530601E+0	138.939775E-3	-38.326169E+0	3.866957E+3	-3.456798E+3	5.186792E+3	-41.794555E+0	
49.583483E+0	1.552228E+0	141.218054E-3	-37.215489E+0	3.923236E+3	-3.363860E+3	5.167914E+3	-40.610445E+0	
49.444106E+0	1.568994E+0	142.378992E-3	-37.511380E+0	3.917095E+3	-3.395356E+3	5.183828E+3	-40.918898E+0	
4.996999E+3	3.262893E-3	340.928479E-6	-228.816972E+0	-3.694774E+3	3.644685E+3	5.189902E+3	135.391015E+0
871.033492E+3	1.952641E+0	1.017588E+0	-11.681827E+0	444.847645E+0	-196.596578E+0	486.353412E+0	-23.842618E+0	
758.436142E+3	1.957991E+0	998.163475E-3	-12.473446E+0	463.137951E+0	-214.381524E+0	510.349096E+0	-24.838905E+0	
660.574291E+3	1.965670E+0	978.905055E-3	-10.491820E+0	493.075060E+0	-185.020079E+0	526.645463E+0	-20.567957E+0	
575.401632E+3	1.973649E+0	955.542781E-3	-10.037209E+0	523.134099E+0	-182.153310E+0	553.939631E+0	-19.197924E+0	
501.115815E+3	1.977665E+0	938.103569E-3	-11.428104E+0	539.576093E+0	-211.358886E+0	579.495417E+0	-21.390917E+0	
436.499251E+3	1.980897E+0	916.130700E-3	-11.584543E+0	565.807703E+0	-219.709206E+0	606.968279E+0	-21.221726E+0	
380.211029E+3	1.986546E+0	895.706086E-3	-11.829533E+0	592.400410E+0	-230.058740E+0	635.503950E+0	-21.223684E+0	
331.272453E+3	1.988746E+0	880.512018E-3	-9.916984E+0	619.787582E+0	-196.825289E+0	650.289813E+0	-17.618232E+0	
288.370582E+3	1.992311E+0	863.135142E-3	-11.045422E+0	640.326316E+0	-223.766509E+0	678.298785E+0	-19.262325E+0	
251.202607E+3	1.996362E+0	847.441567E-3	-11.407146E+0	662.464024E+0	-235.755347E+0	703.163684E+0	-19.589447E+0	
218.810854E+3	1.998475E+0	834.931827E-3	-10.420040E+0	685.176596E+0	-219.052514E+0	719.340650E+0	-17.729196E+0	
190.500000E+3	1.998927E+0	822.142012E-3	-9.498262E+0	707.404479E+0	-203.016430E+0	735.959760E+0	-16.012831E+0	
165.973598E+3	2.000544E+0	812.443264E-3	-9.514511E+0	722.824519E+0	-205.954652E+0	751.593376E+0	-15.903862E+0	
144.544716E+3	1.999717E+0	800.841661E-3	-9.385468E+0	740.577876E+0	-206.044817E+0	768.706743E+0	-15.547720E+0	
125.860887E+3	2.000499E+0	790.710045E-3	-9.578505E+0	756.334064E+0	-213.020727E+0	785.760171E+0	-15.729820E+0	
109.653090E+3	2.000052E+0	784.443627E-3	-9.142359E+0	767.730919E+0	-204.984592E+0	794.625350E+0	-14.949277E+0	
95.529649E+3	1.997166E+0	773.627731E-3	-9.428642E+0	782.622010E+0	-213.991868E+0	811.350559E+0	-15.292556E+0	
83.208419E+3	1.995785E+0	765.807481E-3	-10.287132E+0	791.498268E+0	-235.494388E+0	825.788783E+0	-16.569315E+0	
72.422754E+3	1.993904E+0	757.096860E-3	-9.862333E+0	806.917742E+0	-228.251509E+0	838.579152E+0	-15.794530E+0	
63.093257E+3	1.993478E+0	749.510721E-3	-8.814912E+0	823.915336E+0	-206.236207E+0	849.334949E+0	-14.053087E+0	
54.950786E+3	1.992132E+0	739.665785E-3	-8.959244E+0	840.175951E+0	-212.231844E+0	866.566780E+0	-14.176582E+0	
47.879673E+3	1.989168E+0	731.839508E-3	-9.551568E+0	850.260830E+0	-228.215283E+0	880.355437E+0	-15.024428E+0	
41.695835E+3	1.988829E+0	722.239581E-3	-9.695153E+0	867.470279E+0	-234.651996E+0	898.646897E+0	-15.136352E+0	
36.331210E+3	1.983408E+0	715.458043E-3	-10.057249E+0	875.188789E+0	-244.964061E+0	908.824960E+0	-15.636856E+0	
31.640278E+3	1.984640E+0	704.995690E-3	-10.180034E+0	896.020846E+0	-251.759026E+0	930.717983E+0	-15.694010E+0	
27.564966E+3	1.980719E+0	696.425804E-3	-9.896665E+0	911.709959E+0	-247.344970E+0	944.666387E+0	-15.178862E+0	
24.021240E+3	1.979102E+0	686.116300E-3	-10.284314E+0	930.107169E+0	-260.578775E+0	965.919585E+0	-15.650744E+0	
20.923197E+3	1.979564E+0	678.185892E-3	-11.028194E+0	943.693922E+0	-282.532336E+0	985.080068E+0	-16.667164E+0	
18.240144E+3	1.979933E+0	671.323902E-3	-11.300998E+0	957.409299E+0	-292.444552E+0	1.001078E+3	-16.985504E+0	
15.893921E+3	1.976987E+0	661.211589E-3	-10.892594E+0	979.654924E+0	-285.892881E+0	1.020519E+3	-16.268839E+0	
13.839349E+3	1.977704E+0	652.523186E-3	-11.691981E+0	995.792988E+0	-310.787192E+0	1.043165E+3	-17.333153E+0	
12.062962E+3	1.980006E+0	644.482903E-3	-12.540111E+0	1.011469E+3	-337.529395E+0	1.066300E+3	-18.453973E+0	
10.515226E+3	1.981543E+0	636.351715E-3	-12.799307E+0	1.030488E+3	-349.061950E+0	1.088003E+3	-18.713020E+0	
9.171159E+3	1.981454E+0	624.547360E-3	-13.270074E+0	1.056483E+3	-368.493699E+0	1.118903E+3	-19.228408E+0	
7.991876E+3	1.979829E+0	615.833473E-3	-16.306329E+0	1.055292E+3	-456.740828E+0	1.149892E+3	-23.403447E+0	
6.962510E+3	1.981563E+0	605.536225E-3	-13.929308E+0	1.101147E+3	-398.601253E+0	1.171071E+3	-19.899612E+0	
6.069588E+3	1.984006E+0	595.347540E-3	-15.050721E+0	1.122409E+3	-437.876216E+0	1.204797E+3	-21.311845E+0	
5.291425E+3	1.982738E+0	585.496874E-3	-14.654088E+0	1.151788E+3	-433.493028E+0	1.230663E+3	-20.624593E+0	
4.615522E+3	1.986617E+0	572.940533E-3	-16.133887E+0	1.179406E+3	-487.547420E+0	1.276205E+3	-22.459416E+0	
4.027906E+3	1.984680E+0	563.487839E-3	-16.743255E+0	1.200645E+3	-513.422603E+0	1.305814E+3	-23.152640E+0	
3.513285E+3	1.986275E+0	551.550686E-3	-17.331435E+0	1.233501E+3	-542.841467E+0	1.347666E+3	-23.753419E+0	
3.067328E+3	1.987800E+0	543.184182E-3	-19.201426E+0	1.242709E+3	-609.013703E+0	1.383916E+3	-26.108062E+0	
2.678127E+3	1.988346E+0	528.959648E-3	-19.158457E+0	1.290696E+3	-624.215314E+0	1.433716E+3	-25.809665E+0	
2.339380E+3	1.990802E+0	516.594029E-3	-19.554701E+0	1.331506E+3	-652.669963E+0	1.482864E+3	-26.112904E+0	
2.043875E+3	1.994400E+0	504.422337E-3	-20.362971E+0	1.369612E+3	-696.154488E+0	1.536382E+3	-26.943584E+0	
1.787392E+3	1.995469E+0	492.752803E-3	-20.964686E+0	1.407467E+3	-733.158167E+0	1.586973E+3	-27.515290E+0	
1.563326E+3	1.995523E+0	482.033488E-3	-21.366606E+0	1.444764E+3	-763.184924E+0	1.633951E+3	-27.844886E+0	
1.367201E+3	1.998165E+0	469.280089E-3	-22.466055E+0	1.485002E+3	-823.318256E+0	1.697964E+3	-29.004970E+0	
1.197500E+3	1.998452E+0	459.304999E-3	-23.334738E+0	1.515545E+3	-872.067954E+0	1.748536E+3	-29.916794E+0	
1.049531E+3	2.000123E+0	448.391461E-3	-24.139442E+0	1.553719E+3	-923.059053E+0	1.807230E+3	-30.714396E+0	
920.454315E+0	2.000164E+0	438.712069E-3	-25.221399E+0	1.581016E+3	-983.027338E+0	1.861707E+3	-31.872086E+0	
808.567701E+0	2.003286E+0	427.355774E-3	-28.756265E+0	1.573419E+3	-1.141104E+3	1.943648E+3	-35.951071E+0	
710.029785E+0	2.003936E+0	414.639879E-3	-26.304035E+0	1.686259E+3	-1.083674E+3	2.004449E+3	-32.726821E+0	
625.008772E+0	2.005346E+0	401.389350E-3	-26.626529E+0	1.753881E+3	-1.132973E+3	2.087996E+3	-32.861676E+0	
550.717646E+0	2.005586E+0	389.761819E-3	-27.505932E+0	1.803393E+3	-1.202498E+3	2.167540E+3	-33.695252E+0	
486.471657E+0	2.008455E+0	377.751076E-3	-28.159939E+0	1.865892E+3	-1.269663E+3	2.256900E+3	-34.233679E+0	
429.846101E+0	2.010384E+0	366.075434E-3	-29.104073E+0	1.921951E+3	-1.351607E+3	2.349625E+3	-35.116687E+0	
380.772227E+0	2.010420E+0	356.109421E-3	-30.005331E+0	1.967781E+3	-1.428545E+3	2.431646E+3	-35.978431E+0	
338.051305E+0	2.014551E+0	343.986335E-3	-30.986774E+0	2.034466E+3	-1.525668E+3	2.542974E+3	-36.866624E+0	
300.959936E+0	2.016709E+0	333.068322E-3	-31.876226E+0	2.095751E+3	-1.617950E+3	2.647628E+3	-37.668657E+0	
268.508068E+0	2.019775E+0	324.084614E-3	-31.234960E+0	2.190408E+3	-1.635252E+3	2.733485E+3	-36.743231E+0	
240.990543E+0	2.019955E+0	311.603491E-3	-32.140590E+0	2.271427E+3	-1.745020E+3	2.864345E+3	-37.533208E+0	
215.795297E+0	2.023603E+0	304.015079E-3	-33.328783E+0	2.308125E+3	-1.850559E+3	2.958380E+3	-38.721193E+0	
194.431436E+0	2.029592E+0	292.640737E-3	-33.196484E+0	2.430602E+3	-1.921401E+3	3.098324E+3	-38.326518E+0	
175.792728E+0	2.035466E+0	283.338106E-3	-34.550028E+0	2.487934E+3	-2.061525E+3	3.231053E+3	-39.645459E+0	
159.851687E+0	2.036474E+0	277.062468E-3	-34.907053E+0	2.544062E+3	-2.128311E+3	3.316920E+3	-39.915173E+0	
145.388534E+0	2.042661E+0	268.541152E-3	-35.106581E+0	2.642717E+3	-2.213496E+3	3.447248E+3	-39.948979E+0	
132.831842E+0	2.057990E+0	260.160767E-3	-35.024123E+0	2.771844E+3	-2.297229E+3	3.600053E+3	-39.651008E+0	
119.837632E+0	2.088783E+0	256.330943E-3	-33.371377E+0	2.937445E+3	-2.268066E+3	3.711160E+3	-37.672524E+0	
111.483378E+0	2.103445E+0	248.896724E-3	-34.583613E+0	3.014626E+3	-2.427232E+3	3.870326E+3	-38.839340E+0	
104.513659E+0	2.069152E+0	239.252237E-3	-36.767799E+0	2.999551E+3	-2.619416E+3	3.982292E+3	-41.129713E+0	
98.555464E+0	2.003519E+0	226.579421E-3	-38.243679E+0	3.008037E+3	-2.769615E+3	4.088894E+3	-42.636957E+0	
93.288416E+0	1.920506E+0	215.062639E-3	-39.855111E+0	2.962760E+3	-2.895719E+3	4.142841E+3	-44.344369E+0	
88.578656E+0	1.835672E+0	203.160246E-3	-42.338432E+0	2.873533E+3	-3.079285E+3	4.211792E+3	-46.979569E+0	
84.266972E+0	1.756809E+0	192.970652E-3	-51.192320E+0	2.381017E+3	-3.589739E+3	4.307606E+3	-56.444318E+0	
80.381677E+0	1.685940E+0	182.705239E-3	-45.330423E+0	2.776521E+3	-3.320601E+3	4.328447E+3	-50.099318E+0	
76.779627E+0	1.631779E+0	174.225937E-3	-44.981576E+0	2.846152E+3	-3.349997E+3	4.395800E+3	-49.648824E+0	
72.487705E+0	1.695135E+0	173.260336E-3	-40.972658E+0	3.231796E+3	-3.246086E+3	4.580566E+3	-45.126395E+0	
70.678217E+0	1.454827E+0	148.865770E-3	-42.542257E+0	3.137378E+3	-3.343487E+3	4.584980E+3	-46.821551E+0	
68.986222E+0	1.231628E+0	126.207955E-3	-42.909052E+0	3.110702E+3	-3.361912E+3	4.580275E+3	-47.222602E+0	
67.219851E+0	1.038904E+0	106.464030E-3	-43.517104E+0	3.074654E+3	-3.399945E+3	4.584007E+3	-47.876193E+0	
65.441597E+0	890.360071E-3	91.354844E-3	-43.264320E+0	3.085163E+3	-3.379921E+3	4.576253E+3	-47.610438E+0	
61.146714E+0	828.226027E-3	85.176253E-3	-39.387661E+0	3.296660E+3	-3.122169E+3	4.540474E+3	-43.442841E+0	
57.354144E+0	843.829489E-3	87.154687E-3	-36.144741E+0	3.450151E+3	-2.889610E+3	4.500377E+3	-39.947229E+0	
54.431635E+0	909.354257E-3	92.613030E-3	-34.647080E+0	3.581304E+3	-2.824602E+3	4.561152E+3	-38.263115E+0	
52.444339E+0	993.414207E-3	99.673693E-3	-31.101003E+0	3.812222E+3	-2.605021E+3	4.617269E+3	-34.346126E+0	
51.081789E+0	1.082270E+0	108.065192E-3	-30.984711E+0	3.838459E+3	-2.608837E+3	4.641099E+3	-34.202274E+0	
50.160318E+0	1.166360E+0	114.539756E-3	-30.812161E+0	3.919321E+3	-2.639294E+3	4.725141E+3	-33.956558E+0	
49.550540E+0	1.243417E+0	121.268684E-3	-34.291427E+0	3.780421E+3	-2.923058E+3	4.778687E+3	-37.711546E+0	
49.131026E+0	1.308825E+0	126.462166E-3	-33.348549E+0	3.868573E+3	-2.878867E+3	4.822212E+3	-36.655426E+0	
50.966396E+0	1.363077E+0	129.380968E-3	304.550943E+0	2.517360E+3	-4.390648E+3	5.061116E+3	-60.172373E+0	
50.652135E+0	1.407482E+0	133.914146E-3	-36.709356E+0	3.757507E+3	-3.179003E+3	4.921882E+3	-40.232575E+0	
50.384673E+0	1.446409E+0	136.663744E-3	-34.945399E+0	3.883775E+3	-3.067523E+3	4.949081E+3	-38.302750E+0	
50.114165E+0	1.478600E+0	139.724445E-3	-36.598544E+0	3.792865E+3	-3.192449E+3	4.957575E+3	-40.087274E+0	
49.914059E+0	1.507340E+0	141.789536E-3	-37.622954E+0	3.754569E+3	-3.283800E+3	4.987998E+3	-41.173408E+0	
49.764206E+0	1.529442E+0	142.848820E-3	-36.037285E+0	3.874855E+3	-3.187236E+3	5.017268E+3	-39.438769E+0	
49.570233E+0	1.553881E+0	145.468609E-3	-37.698619E+0	3.770676E+3	-3.305226E+3	5.014231E+3	-41.236530E+0	
49.440739E+0	1.569864E+0	146.981454E-3	-37.376550E+0	3.788702E+3	-3.280763E+3	5.011753E+3	-40.890380E+0	
4.980677E+3	2.936629E-3	380.652313E-6	56.354615E+0	1.656823E+3	3.249723E+3	3.647706E+3	62.985912E+0
870.948753E+3	1.955403E+0	1.018472E+0	-8.608080E+0	454.544857E+0	-145.407311E+0	477.236119E+0	-17.739292E+0	
758.958039E+3	1.958533E+0	999.851353E-3	-10.925838E+0	467.198337E+0	-187.863644E+0	503.554401E+0	-21.905397E+0	
660.734200E+3	1.967107E+0	979.552661E-3	-12.767162E+0	485.010715E+0	-224.554894E+0	534.471977E+0	-24.843644E+0	
575.505757E+3	1.971075E+0	955.145391E-3	-11.967050E+0	515.507555E+0	-216.514211E+0	559.130077E+0	-22.782504E+0	
501.054624E+3	1.976228E+0	936.978063E-3	-11.113686E+0	541.215946E+0	-205.715379E+0	578.993539E+0	-20.811723E+0	
436.525286E+3	1.980187E+0	914.962886E-3	-12.025843E+0	565.065467E+0	-228.166967E+0	609.392441E+0	-21.988292E+0	
380.168929E+3	1.984377E+0	896.142860E-3	-11.627664E+0	591.468738E+0	-225.830249E+0	633.114973E+0	-20.897489E+0	
331.181163E+3	1.988646E+0	880.790555E-3	-9.665039E+0	620.229344E+0	-191.802690E+0	649.209297E+0	-17.183951E+0	
288.377783E+3	1.993262E+0	861.589126E-3	-11.457316E+0	641.289672E+0	-232.528782E+0	682.145203E+0	-19.930419E+0	
251.240802E+3	1.995691E+0	846.828429E-3	-10.395942E+0	666.896989E+0	-215.181017E+0	700.752784E+0	-17.882817E+0	
218.775187E+3	1.998631E+0	833.491601E-3	-10.735138E+0	686.103255E+0	-226.007520E+0	722.369072E+0	-18.232268E+0	
190.507224E+3	1.999942E+0	823.503956E-3	-9.674302E+0	705.383779E+0	-206.506465E+0	734.990609E+0	-16.317793E+0	
165.969253E+3	2.000315E+0	811.591593E-3	-9.770134E+0	723.041233E+0	-211.632587E+0	753.377048E+0	-16.314638E+0	
144.523658E+3	2.000758E+0	802.374614E-3	-9.497284E+0	738.440367E+0	-208.187265E+0	767.226246E+0	-15.744648E+0	
125.861475E+3	2.001259E+0	791.125601E-3	-9.272880E+0	757.268181E+0	-206.254159E+0	784.854048E+0	-15.235854E+0	
109.646850E+3	1.999196E+0	783.826064E-3	-9.164486E+0	768.109376E+0	-205.550319E+0	795.137062E+0	-14.981627E+0	
95.506988E+3	1.997344E+0	775.024768E-3	-8.618583E+0	783.305143E+0	-195.416823E+0	807.313248E+0	-14.008051E+0	
83.222134E+3	1.995465E+0	766.147293E-3	-10.722781E+0	788.887872E+0	-245.204886E+0	826.117129E+0	-17.266472E+0	
72.424906E+3	1.994845E+0	759.011117E-3	-8.580860E+0	808.990587E+0	-198.424320E+0	832.969376E+0	-13.781107E+0	
63.098700E+3	1.992314E+0	750.552150E-3	-9.232822E+0	819.757794E+0	-215.505362E+0	847.611587E+0	-14.729157E+0	
54.957403E+3	1.992804E+0	741.385864E-3	-8.587233E+0	838.852391E+0	-203.083279E+0	863.085252E+0	-13.609261E+0	
47.884843E+3	1.989604E+0	731.881871E-3	-9.546873E+0	850.498534E+0	-228.140980E+0	880.565764E+0	-15.015749E+0	
41.701958E+3	1.988539E+0	725.042885E-3	-9.440008E+0	862.987667E+0	-227.616667E+0	892.500455E+0	-14.775514E+0	
36.335587E+3	1.984986E+0	716.302280E-3	-9.208688E+0	878.133793E+0	-224.396140E+0	906.351248E+0	-14.334466E+0	
31.647795E+3	1.981574E+0	707.654366E-3	-10.200025E+0	888.507738E+0	-250.912165E+0	923.256690E+0	-15.769535E+0	
27.567020E+3	1.980463E+0	698.601364E-3	-10.301929E+0	905.332785E+0	-256.531723E+0	940.976076E+0	-15.820411E+0	
24.017924E+3	1.978139E+0	690.301282E-3	-9.889816E+0	922.454896E+0	-249.043658E+0	955.481961E+0	-15.108466E+0	
20.926336E+3	1.978381E+0	679.208452E-3	-10.158165E+0	944.760805E+0	-259.939642E+0	979.868152E+0	-15.383604E+0	
18.240317E+3	1.979238E+0	672.206943E-3	-10.873212E+0	957.112588E+0	-281.041711E+0	997.521403E+0	-16.364083E+0	
15.893655E+3	1.978823E+0	663.963209E-3	-10.679370E+0	975.922123E+0	-279.459504E+0	1.015146E+3	-15.979293E+0	
13.841100E+3	1.978096E+0	655.435161E-3	-11.225992E+0	991.884291E+0	-297.295298E+0	1.035480E+3	-16.684935E+0	
12.068322E+3	1.979928E+0	646.583560E-3	-12.507874E+0	1.006668E+3	-335.568444E+0	1.061125E+3	-18.435592E+0	
10.515752E+3	1.980588E+0	638.661533E-3	-12.954198E+0	1.023248E+3	-351.767233E+0	1.082024E+3	-18.971703E+0	
9.167837E+3	1.981388E+0	625.929517E-3	-13.143350E+0	1.053791E+3	-364.218920E+0	1.114957E+3	-19.066552E+0	
7.994946E+3	1.982122E+0	616.786523E-3	-16.644156E+0	1.051965E+3	-465.757364E+0	1.150461E+3	-23.881351E+0	
6.962612E+3	1.982872E+0	606.730948E-3	-14.410940E+0	1.095639E+3	-411.557040E+0	1.170386E+3	-20.587781E+0	
6.070572E+3	1.982132E+0	595.805796E-3	-14.344855E+0	1.124881E+3	-417.066395E+0	1.199709E+3	-20.343010E+0	
5.292421E+3	1.983128E+0	587.285467E-3	-15.340534E+0	1.141768E+3	-452.031477E+0	1.227993E+3	-21.598855E+0	
4.616436E+3	1.983806E+0	575.312989E-3	-15.308737E+0	1.176889E+3	-460.662262E+0	1.263835E+3	-21.376547E+0	
4.027700E+3	1.984798E+0	564.139630E-3	-16.674038E+0	1.199392E+3	-510.799842E+0	1.303632E+3	-23.068302E+0	
3.513595E+3	1.985663E+0	553.850693E-3	-17.336011E+0	1.225700E+3	-540.558834E+0	1.339606E+3	-23.798455E+0	
3.067202E+3	1.988097E+0	542.554607E-3	-17.476846E+0	1.262558E+3	-556.838616E+0	1.379899E+3	-23.799395E+0	
2.678110E+3	1.987092E+0	531.446594E-3	-18.959780E+0	1.283303E+3	-614.701772E+0	1.422928E+3	-25.594409E+0	
2.339360E+3	1.990150E+0	520.729794E-3	-19.507636E+0	1.316845E+3	-645.776841E+0	1.466666E+3	-26.123186E+0	
2.044020E+3	1.993695E+0	506.785146E-3	-20.012363E+0	1.364411E+3	-681.231045E+0	1.525022E+3	-26.532305E+0	
1.787181E+3	1.992268E+0	495.619349E-3	-20.478327E+0	1.399456E+3	-711.599480E+0	1.569985E+3	-26.952556E+0	
1.563578E+3	1.995576E+0	483.014299E-3	-21.857066E+0	1.434264E+3	-778.292705E+0	1.631825E+3	-28.486145E+0	
1.367040E+3	1.996309E+0	470.236612E-3	-21.717912E+0	1.489655E+3	-794.890231E+0	1.688467E+3	-28.084695E+0	
1.197612E+3	1.998638E+0	460.578432E-3	-23.053959E+0	1.514381E+3	-859.847368E+0	1.741461E+3	-29.587387E+0	
1.049740E+3	1.999489E+0	450.804663E-3	-23.743638E+0	1.548335E+3	-903.656792E+0	1.792746E+3	-30.269174E+0	
920.707872E+0	2.000034E+0	439.573850E-3	-25.037250E+0	1.579931E+3	-974.337085E+0	1.856210E+3	-31.661968E+0	
808.472489E+0	2.000531E+0	429.906806E-3	-27.400517E+0	1.584461E+3	-1.083616E+3	1.919567E+3	-34.368302E+0	
710.108673E+0	2.001781E+0	418.064549E-3	-25.798562E+0	1.675350E+3	-1.054438E+3	1.979555E+3	-32.185650E+0	
624.955422E+0	2.004092E+0	406.472542E-3	-26.883518E+0	1.719187E+3	-1.128097E+3	2.056260E+3	-33.272106E+0	
550.668413E+0	2.005149E+0	392.410364E-3	-27.281299E+0	1.791971E+3	-1.185121E+3	2.148411E+3	-33.478694E+0	
486.501529E+0	2.007979E+0	383.027836E-3	-27.203167E+0	1.853240E+3	-1.212650E+3	2.214728E+3	-33.198338E+0	
429.774022E+0	2.009185E+0	369.131305E-3	-28.472852E+0	1.915028E+3	-1.313026E+3	2.321932E+3	-34.436221E+0	
380.769120E+0	2.011572E+0	360.200986E-3	-29.318800E+0	1.957838E+3	-1.383705E+3	2.397451E+3	-35.250810E+0	
338.051832E+0	2.013181E+0	346.823617E-3	-30.378313E+0	2.027886E+3	-1.485333E+3	2.513670E+3	-36.221060E+0	
300.955053E+0	2.016148E+0	337.209638E-3	-30.623814E+0	2.097390E+3	-1.541101E+3	2.602698E+3	-36.307368E+0	
268.528167E+0	2.017182E+0	326.327248E-3	-31.058782E+0	2.173414E+3	-1.613698E+3	2.706982E+3	-36.592834E+0	
240.974008E+0	2.017413E+0	316.599743E-3	-31.521325E+0	2.242536E+3	-1.685713E+3	2.805458E+3	-36.932154E+0	
215.809855E+0	2.026099E+0	307.063817E-3	-32.869383E+0	2.298240E+3	-1.812019E+3	2.926657E+3	-38.253582E+0	
194.407047E+0	2.028683E+0	297.470540E-3	-32.119402E+0	2.416634E+3	-1.834744E+3	3.034206E+3	-37.206305E+0	
175.775269E+0	2.034760E+0	289.863233E-3	-33.525806E+0	2.455063E+3	-1.961803E+3	3.142611E+3	-38.627819E+0	
159.853161E+0	2.035739E+0	280.044080E-3	-34.178770E+0	2.537010E+3	-2.066379E+3	3.272055E+3	-39.162613E+0	
145.422620E+0	2.043137E+0	272.313770E-3	-34.515368E+0	2.622182E+3	-2.151176E+3	3.391666E+3	-39.364636E+0	
132.846126E+0	2.058474E+0	266.900183E-3	-34.379634E+0	2.714819E+3	-2.203660E+3	3.496621E+3	-39.066760E+0	
119.822257E+0	2.087806E+0	262.205647E-3	-32.933124E+0	2.875573E+3	-2.190412E+3	3.614806E+3	-37.297634E+0	
111.456852E+0	2.101438E+0	255.307955E-3	-33.356183E+0	2.972795E+3	-2.290027E+3	3.752564E+3	-37.608071E+0	
104.534667E+0	2.070491E+0	242.971489E-3	-35.549339E+0	3.002225E+3	-2.506954E+3	3.911288E+3	-39.862956E+0	
98.552580E+0	2.003382E+0	231.020676E-3	-38.578073E+0	2.924335E+3	-2.736252E+3	4.004848E+3	-43.096945E+0	
93.309424E+0	1.921851E+0	218.054790E-3	-40.071486E+0	2.906742E+3	-2.870894E+3	4.085484E+3	-44.644508E+0	
88.569701E+0	1.835350E+0	207.386695E-3	-40.010902E+0	2.923834E+3	-2.879084E+3	4.103405E+3	-44.558172E+0	
84.268424E+0	1.755421E+0	196.527528E-3	-39.755925E+0	2.968625E+3	-2.890423E+3	4.143342E+3	-44.235307E+0	
80.374232E+0	1.685852E+0	186.844571E-3	-44.326016E+0	2.760055E+3	-3.190106E+3	4.218374E+3	-49.133896E+0	
76.770068E+0	1.628683E+0	177.038766E-3	-43.823776E+0	2.852449E+3	-3.223313E+3	4.304209E+3	-48.492996E+0	
72.490384E+0	1.695747E+0	176.465359E-3	-38.853241E+0	3.280632E+3	-3.050328E+3	4.479626E+3	-42.916645E+0	
70.698581E+0	1.455106E+0	151.676179E-3	-41.559767E+0	3.126307E+3	-3.220355E+3	4.488261E+3	-45.848973E+0	
68.991820E+0	1.232225E+0	129.019303E-3	-42.341799E+0	3.066010E+3	-3.255046E+3	4.471659E+3	-46.712961E+0	
67.196139E+0	1.039255E+0	109.576158E-3	-40.603690E+0	3.137592E+3	-3.123343E+3	4.427162E+3	-44.869603E+0	
65.450208E+0	890.821084E-3	93.866191E-3	-44.050353E+0	2.945414E+3	-3.338858E+3	4.452352E+3	-48.582488E+0	
61.127076E+0	828.044520E-3	86.620694E-3	-39.240779E+0	3.240285E+3	-3.059838E+3	4.456687E+3	-43.359392E+0	
57.341468E+0	842.825444E-3	88.317736E-3	-36.992825E+0	3.350824E+3	-2.905568E+3	4.435127E+3	-40.929229E+0	
54.435513E+0	908.003055E-3	93.880816E-3	-33.150210E+0	3.591423E+3	-2.676196E+3	4.478878E+3	-36.692120E+0	
52.458686E+0	993.959156E-3	100.462547E-3	-31.996750E+0	3.739714E+3	-2.652682E+3	4.584995E+3	-35.349124E+0	
51.047572E+0	1.083325E+0	109.065341E-3	-30.535827E+0	3.822954E+3	-2.553596E+3	4.597372E+3	-33.741504E+0	
50.142678E+0	1.166105E+0	116.115583E-3	-31.537796E+0	3.824995E+3	-2.657969E+3	4.657830E+3	-34.795231E+0	
49.541742E+0	1.243762E+0	122.701348E-3	-395.292684E+0	3.680404E+3	-2.963337E+3	4.725118E+3	-38.839841E+0	
49.117405E+0	1.309427E+0	126.745548E-3	-31.274495E+0	3.961944E+3	-2.713829E+3	4.802278E+3	-34.410135E+0	
50.974081E+0	1.361762E+0	131.908573E-3	303.779773E+0	2.398391E+3	-4.341843E+3	4.960230E+3	-61.084171E+0	
50.664067E+0	1.407886E+0	135.393669E-3	305.971195E+0	2.584564E+3	-4.258296E+3	4.981270E+3	-58.744434E+0	
50.364566E+0	1.447172E+0	138.680889E-3	-33.895007E+0	3.876923E+3	-2.944648E+3	4.868417E+3	-37.217839E+0	
50.130381E+0	1.476639E+0	141.441579E-3	-36.316801E+0	3.750479E+3	-3.128617E+3	4.884091E+3	-39.834567E+0	
49.935883E+0	1.506244E+0	143.580658E-3	-393.996735E+0	3.894894E+3	-2.968076E+3	4.896905E+3	-37.308949E+0	
49.788431E+0	1.528764E+0	145.573658E-3	-392.033075E+0	3.998762E+3	-2.818505E+3	4.892245E+3	-35.177880E+0	
49.580160E+0	1.551585E+0	148.534175E-3	-37.266151E+0	3.700499E+3	-3.200568E+3	4.892579E+3	-40.856585E+0	
49.443052E+0	1.568800E+0	151.130994E-3	-36.750077E+0	3.702567E+3	-3.142695E+3	4.856494E+3	-40.324201E+0	
41.264703E+0	1.520599E+0	141.421071E-3	-16.039463E+0	4.722857E+3	-1.503249E+3	4.956322E+3	-17.655871E+0	
870.735946E+3	1.956126E+0	1.020249E+0	-9.578933E+0	450.627993E+0	-161.439740E+0	478.673561E+0	-19.710318E+0	
758.765606E+3	1.957696E+0	998.726054E-3	-10.643732E+0	468.792741E+0	-183.197702E+0	503.317030E+0	-21.344869E+0	
660.630098E+3	1.967368E+0	978.464823E-3	-12.266786E+0	488.169749E+0	-216.160428E+0	533.886724E+0	-23.883651E+0	
575.462579E+3	1.971903E+0	958.703569E-3	-10.741547E+0	516.526258E+0	-193.976380E+0	551.748323E+0	-20.583176E+0	
501.083417E+3	1.976659E+0	935.481031E-3	-11.340428E+0	542.296918E+0	-210.239712E+0	581.624178E+0	-21.190503E+0	
436.516561E+3	1.979850E+0	914.738916E-3	-12.006286E+0	565.223104E+0	-227.818347E+0	609.408202E+0	-21.952351E+0	
380.174266E+3	1.985238E+0	896.113337E-3	-11.882694E+0	590.964644E+0	-230.820672E+0	634.442585E+0	-21.334765E+0	
331.163819E+3	1.989512E+0	879.279646E-3	-11.003414E+0	617.858545E+0	-218.525470E+0	655.364450E+0	-19.477772E+0	
288.377843E+3	1.992930E+0	863.320769E-3	-10.404094E+0	642.869337E+0	-210.941839E+0	676.592524E+0	-18.165984E+0	
251.191459E+3	1.995636E+0	845.422702E-3	-10.441711E+0	668.642806E+0	-216.471356E+0	702.810821E+0	-17.939224E+0	
218.813329E+3	1.998560E+0	832.920323E-3	-10.342013E+0	688.402457E+0	-217.964574E+0	722.084827E+0	-17.569024E+0	
190.490961E+3	1.999537E+0	821.451335E-3	-9.868741E+0	707.455315E+0	-211.099719E+0	738.279157E+0	-16.614735E+0	
165.948605E+3	2.001164E+0	808.932512E-3	-10.324743E+0	725.490662E+0	-224.349212E+0	759.387430E+0	-17.183591E+0	
144.527521E+3	2.000282E+0	799.787975E-3	-9.161110E+0	743.371330E+0	-201.483826E+0	770.192616E+0	-15.165132E+0	
125.867588E+3	2.001170E+0	789.786705E-3	-9.678570E+0	757.859201E+0	-215.548921E+0	787.916180E+0	-15.876715E+0	
109.647311E+3	2.001309E+0	780.766625E-3	-9.090893E+0	774.718711E+0	-204.929112E+0	801.364475E+0	-14.816562E+0	
95.517486E+3	1.997877E+0	774.309711E-3	-8.961780E+0	783.645021E+0	-203.377932E+0	809.606140E+0	-14.548889E+0	
83.184534E+3	1.995977E+0	766.074197E-3	-9.891618E+0	792.765392E+0	-226.475066E+0	824.480395E+0	-15.943436E+0	
72.430894E+3	1.995231E+0	759.148684E-3	-8.427459E+0	809.533287E+0	-194.905314E+0	832.665734E+0	-13.537039E+0	
63.088912E+3	1.991910E+0	748.664529E-3	-8.253402E+0	826.329202E+0	-193.259320E+0	848.627784E+0	-13.163555E+0	
54.946561E+3	1.992813E+0	740.887186E-3	-8.706173E+0	839.339435E+0	-206.014195E+0	864.252588E+0	-13.790514E+0	
47.874129E+3	1.990750E+0	732.172817E-3	-8.931472E+0	853.112936E+0	-213.596337E+0	879.445892E+0	-14.056349E+0	
41.696904E+3	1.988094E+0	723.314108E-3	-9.321746E+0	866.420550E+0	-225.277369E+0	895.228721E+0	-14.574713E+0	
36.331635E+3	1.983226E+0	715.700386E-3	-9.461008E+0	877.068107E+0	-230.478737E+0	906.845584E+0	-14.723481E+0	
31.646090E+3	1.983512E+0	706.701710E-3	-9.061169E+0	896.475813E+0	-223.665439E+0	923.956229E+0	-14.008960E+0	
27.567840E+3	1.980735E+0	699.564869E-3	-9.918945E+0	905.263651E+0	-246.785813E+0	938.299267E+0	-15.248976E+0	
24.020862E+3	1.978354E+0	690.145561E-3	-9.683651E+0	923.819649E+0	-243.983648E+0	955.495037E+0	-14.794201E+0	
20.925298E+3	1.978245E+0	679.288772E-3	-10.259197E+0	944.028482E+0	-262.448238E+0	979.831033E+0	-15.536399E+0	
18.240679E+3	1.979428E+0	673.436645E-3	-11.260035E+0	952.654099E+0	-290.409937E+0	995.935622E+0	-16.953476E+0	
15.894270E+3	1.978635E+0	663.123321E-3	-11.121926E+0	975.453076E+0	-291.238333E+0	1.018002E+3	-16.623902E+0	
13.841421E+3	1.978511E+0	656.976000E-3	-11.565725E+0	986.899445E+0	-305.517657E+0	1.033108E+3	-17.201126E+0	
12.063936E+3	1.979637E+0	647.940068E-3	-12.309479E+0	1.004429E+3	-329.588608E+0	1.057122E+3	-18.166485E+0	
10.517560E+3	1.980839E+0	639.820799E-3	-12.314540E+0	1.024496E+3	-334.108877E+0	1.077599E+3	-18.062202E+0	
9.169605E+3	1.981083E+0	628.536110E-3	-13.252837E+0	1.046387E+3	-365.619676E+0	1.108424E+3	-19.260009E+0	
7.993134E+3	1.979872E+0	618.033226E-3	-15.974933E+0	1.052375E+3	-446.119059E+0	1.143029E+3	-22.972887E+0	
6.962958E+3	1.982682E+0	608.844863E-3	-13.789749E+0	1.094277E+3	-392.762261E+0	1.162629E+3	-19.744273E+0	
6.070074E+3	1.982444E+0	598.320289E-3	-14.995526E+0	1.113461E+3	-433.797698E+0	1.194979E+3	-21.285590E+0	
5.293122E+3	1.981042E+0	588.519305E-3	-14.769875E+0	1.140990E+3	-434.227148E+0	1.220824E+3	-20.835355E+0	
4.615983E+3	1.984374E+0	577.552272E-3	-15.303280E+0	1.170888E+3	-458.847884E+0	1.257585E+3	-21.399229E+0	
4.027587E+3	1.983777E+0	566.332519E-3	-16.181637E+0	1.196222E+3	-493.949781E+0	1.294193E+3	-22.436939E+0	
3.513417E+3	1.985097E+0	556.086981E-3	-17.648768E+0	1.215281E+3	-547.635541E+0	1.332972E+3	-24.257494E+0	
3.067732E+3	1.986881E+0	544.696829E-3	-17.235962E+0	1.256841E+3	-546.903073E+0	1.370676E+3	-23.515839E+0	
2.677525E+3	1.986278E+0	534.232874E-3	-18.291584E+0	1.280249E+3	-590.454285E+0	1.409849E+3	-24.759280E+0	
2.339068E+3	1.990710E+0	523.845823E-3	-19.201953E+0	1.309913E+3	-632.437271E+0	1.454596E+3	-25.771648E+0	
2.043928E+3	1.991468E+0	509.505064E-3	-20.138750E+0	1.350850E+3	-680.935013E+0	1.512769E+3	-26.751707E+0	
1.787078E+3	1.993372E+0	499.130487E-3	-19.726464E+0	1.396215E+3	-682.082916E+0	1.553915E+3	-26.036568E+0	
1.563562E+3	1.994696E+0	485.239283E-3	-21.647810E+0	1.427331E+3	-767.326767E+0	1.620514E+3	-28.262271E+0	
1.367142E+3	1.995368E+0	474.941882E-3	-21.557205E+0	1.471151E+3	-781.101850E+0	1.665655E+3	-27.965885E+0	
1.197602E+3	1.997224E+0	463.762832E-3	-22.343836E+0	1.509510E+3	-828.423039E+0	1.721890E+3	-28.758088E+0	
1.049470E+3	2.000355E+0	452.557410E-3	-22.835591E+0	1.555280E+3	-867.989184E+0	1.781095E+3	-29.165540E+0	
920.532656E+0	2.000907E+0	443.573130E-3	-23.185761E+0	1.592156E+3	-898.653807E+0	1.828262E+3	-29.441496E+0	
808.500074E+0	2.001745E+0	433.787659E-3	-27.596063E+0	1.563337E+3	-1.081642E+3	1.901045E+3	-34.678600E+0	
710.107473E+0	2.002084E+0	421.669297E-3	-24.671411E+0	1.677178E+3	-1.002830E+3	1.954123E+3	-30.876346E+0	
624.944199E+0	2.006314E+0	411.948542E-3	-26.317958E+0	1.702935E+3	-1.092585E+3	2.023297E+3	-32.683806E+0	
550.608396E+0	2.005670E+0	397.179438E-3	-26.101230E+0	1.788608E+3	-1.124178E+3	2.112556E+3	-32.150231E+0	
486.466363E+0	2.008154E+0	386.053000E-3	-27.796965E+0	1.822361E+3	-1.227448E+3	2.197187E+3	-33.962163E+0	
429.791192E+0	2.009388E+0	374.975850E-3	-28.465357E+0	1.877702E+3	-1.292379E+3	2.279476E+3	-34.538740E+0	
380.752228E+0	2.010201E+0	364.578033E-3	-28.941454E+0	1.935544E+3	-1.350110E+3	2.359900E+3	-34.897138E+0	
338.045963E+0	2.011540E+0	352.769062E-3	-29.454328E+0	2.006355E+3	-1.418780E+3	2.457315E+3	-35.265766E+0	
300.936425E+0	2.016161E+0	340.636731E-3	-29.802158E+0	2.092826E+3	-1.488492E+3	2.568176E+3	-35.421780E+0	
268.485268E+0	2.019017E+0	332.563295E-3	-30.590908E+0	2.138418E+3	-1.563338E+3	2.648935E+3	-36.169503E+0	
240.949587E+0	2.016716E+0	321.159501E-3	-31.478620E+0	2.203814E+3	-1.659186E+3	2.758568E+3	-36.974996E+0	
215.846056E+0	2.023471E+0	314.475742E-3	-31.989095E+0	2.255420E+3	-1.724796E+3	2.839338E+3	-37.406368E+0	
194.387983E+0	2.030060E+0	304.796466E-3	-31.665657E+0	2.362423E+3	-1.769200E+3	2.951459E+3	-36.829250E+0	
175.770891E+0	2.032609E+0	295.648052E-3	-32.870174E+0	2.415853E+3	-1.888074E+3	3.066132E+3	-38.008886E+0	
159.858635E+0	2.034448E+0	284.552554E-3	-33.260226E+0	2.519093E+3	-1.984110E+3	3.206638E+3	-38.224983E+0	
145.396394E+0	2.042415E+0	278.997273E-3	-33.412703E+0	2.585993E+3	-2.039777E+3	3.293638E+3	-38.265642E+0	
132.839050E+0	2.059272E+0	271.446379E-3	-34.054028E+0	2.674372E+3	-2.149554E+3	3.431158E+3	-38.790942E+0	
119.828655E+0	2.086248E+0	267.604285E-3	-31.696133E+0	2.850407E+3	-2.072646E+3	3.524298E+3	-36.022418E+0	
111.436577E+0	2.101634E+0	259.729482E-3	-33.752869E+0	2.898225E+3	-2.274877E+3	3.684396E+3	-38.129104E+0	
104.535797E+0	2.069956E+0	251.128554E-3	-35.701168E+0	2.880959E+3	-2.433881E+3	3.771432E+3	-40.191675E+0	
98.517158E+0	2.003732E+0	237.421292E-3	-37.151160E+0	2.897717E+3	-2.578991E+3	3.879170E+3	-41.669343E+0	
93.303165E+0	1.920978E+0	223.501942E-3	-39.398912E+0	2.854687E+3	-2.760393E+3	3.971021E+3	-44.037918E+0	
88.589108E+0	1.837167E+0	211.478789E-3	-39.886693E+0	2.866917E+3	-2.818865E+3	4.020599E+3	-44.515796E+0	
84.228476E+0	1.756672E+0	200.142366E-3	-39.685478E+0	2.911790E+3	-2.836041E+3	4.064684E+3	-44.244958E+0	
80.371494E+0	1.686184E+0	190.597965E-3	-43.732972E+0	2.728572E+3	-3.094587E+3	4.125721E+3	-48.596601E+0	
76.739745E+0	1.628485E+0	181.416376E-3	-41.587684E+0	2.891230E+3	-3.014897E+3	4.177178E+3	-46.199521E+0	
72.482720E+0	1.695455E+0	180.683035E-3	-39.014677E+0	3.183197E+3	-2.989018E+3	4.366575E+3	-43.198058E+0	
70.682606E+0	1.454559E+0	154.667578E-3	-42.026860E+0	3.028864E+3	-3.185807E+3	4.395837E+3	-46.446626E+0	
68.967207E+0	1.230450E+0	132.436789E-3	-40.694552E+0	3.058410E+3	-3.065287E+3	4.330110E+3	-45.064340E+0	
67.230377E+0	1.037423E+0	111.294862E-3	-42.809851E+0	2.954175E+3	-3.205263E+3	4.358998E+3	-47.334351E+0	
65.445702E+0	890.436309E-3	95.369070E-3	-42.550819E+0	2.974354E+3	-3.194840E+3	4.365064E+3	-47.046874E+0	
61.122935E+0	827.604054E-3	88.902784E-3	-38.395115E+0	3.185759E+3	-2.925540E+3	4.325256E+3	-42.561817E+0	
57.342206E+0	844.849921E-3	90.016722E-3	-34.853309E+0	3.391157E+3	-2.713975E+3	4.343455E+3	-38.670625E+0	
54.463000E+0	908.796065E-3	96.102915E-3	-33.660231E+0	3.476728E+3	-2.652157E+3	4.372823E+3	-37.337526E+0	
52.434865E+0	992.694056E-3	103.637887E-3	-31.678944E+0	3.618574E+3	-2.545295E+3	4.424094E+3	-35.122452E+0	
51.044980E+0	1.080843E+0	110.906819E-3	-31.175438E+0	3.713089E+3	-2.552700E+3	4.505919E+3	-34.508010E+0	
50.145179E+0	1.166612E+0	118.280392E-3	-30.430904E+0	3.797212E+3	-2.527801E+3	4.561644E+3	-33.651669E+0	
49.557043E+0	1.241847E+0	125.060003E-3	-393.595551E+0	3.679299E+3	-2.780238E+3	4.611612E+3	-37.076273E+0	
49.118835E+0	1.307804E+0	128.321954E-3	-29.226177E+0	3.994459E+3	-2.517920E+3	4.721824E+3	-32.225418E+0	
50.956751E+0	1.362533E+0	134.100690E-3	303.724490E+0	2.348407E+3	-4.276042E+3	4.878478E+3	-61.224362E+0	
50.648183E+0	1.407171E+0	138.399394E-3	307.114290E+0	2.598370E+3	-4.102586E+3	4.856206E+3	-57.651902E+0	
50.365741E+0	1.445833E+0	140.453689E-3	-34.481419E+0	3.787644E+3	-2.948890E+3	4.800229E+3	-37.902728E+0	
50.118270E+0	1.477113E+0	144.097039E-3	-35.770645E+0	3.702472E+3	-3.031969E+3	4.785513E+3	-39.314185E+0	
49.931271E+0	1.504516E+0	144.702578E-3	-392.907575E+0	3.910890E+3	-2.858242E+3	4.844028E+3	-36.160904E+0	
49.757027E+0	1.527308E+0	146.843487E-3	-391.062409E+0	4.002202E+3	-2.715489E+3	4.836476E+3	-34.156841E+0	
49.594970E+0	1.551992E+0	148.834039E-3	-35.440817E+0	3.792762E+3	-3.059582E+3	4.872995E+3	-38.892766E+0	
49.438629E+0	1.567630E+0	150.108167E-3	-34.630820E+0	3.842107E+3	-3.003011E+3	4.876460E+3	-38.011373E+0	
48.736304E+0	1.562845E+0	148.603400E-3	-36.062094E+0	3.795828E+3	-3.132589E+3	4.921527E+3	-39.531895E+0	
871.304338E+3	1.956684E+0	1.020622E+0	-11.084192E+0	445.981113E+0	-186.498523E+0	483.405474E+0	-22.693503E+0	
758.928610E+3	1.960980E+0	999.959315E-3	-10.274041E+0	470.385490E+0	-176.982378E+0	502.578622E+0	-20.618792E+0	
660.700018E+3	1.965711E+0	979.535065E-3	-10.624145E+0	492.023848E+0	-187.210422E+0	526.436329E+0	-20.831347E+0	
575.504400E+3	1.971005E+0	957.189812E-3	-10.828474E+0	517.381034E+0	-195.747515E+0	553.172870E+0	-20.723788E+0	
501.115479E+3	1.976400E+0	935.500587E-3	-12.443544E+0	537.896326E+0	-230.347328E+0	585.143016E+0	-23.182420E+0	
436.459917E+3	1.980968E+0	913.135540E-3	-10.941819E+0	571.766577E+0	-208.361049E+0	608.548556E+0	-20.022564E+0	
380.178714E+3	1.985458E+0	893.650904E-3	-11.088872E+0	597.210491E+0	-216.218793E+0	635.146390E+0	-19.902681E+0	
331.160770E+3	1.987307E+0	878.213858E-3	-10.562050E+0	619.625172E+0	-209.883451E+0	654.206708E+0	-18.712601E+0	
288.400057E+3	1.992341E+0	862.436877E-3	-11.067228E+0	641.186792E+0	-224.387763E+0	679.316104E+0	-19.287848E+0	
251.222694E+3	1.995281E+0	844.741939E-3	-10.169282E+0	670.396527E+0	-211.016084E+0	702.822376E+0	-17.472078E+0	
218.813143E+3	1.997993E+0	832.365915E-3	-10.831837E+0	686.951173E+0	-228.254687E+0	723.879905E+0	-18.380206E+0	
190.493832E+3	1.999353E+0	820.161059E-3	-9.804153E+0	709.489934E+0	-210.042306E+0	739.928197E+0	-16.491225E+0	
165.956018E+3	1.999782E+0	811.071542E-3	-9.867750E+0	723.139280E+0	-213.806306E+0	754.084580E+0	-16.471056E+0	
144.534266E+3	1.999685E+0	799.031481E-3	-9.246749E+0	743.878455E+0	-203.482825E+0	771.207116E+0	-15.298618E+0	
125.861301E+3	2.001615E+0	789.496004E-3	-9.126347E+0	760.625495E+0	-203.477969E+0	787.371849E+0	-14.976733E+0	
109.658799E+3	2.000724E+0	780.778916E-3	-8.712330E+0	775.649298E+0	-196.402176E+0	800.128520E+0	-14.209214E+0	
95.522134E+3	1.997574E+0	773.437907E-3	-8.899016E+0	785.125590E+0	-202.162152E+0	810.735301E+0	-14.439439E+0	
83.218737E+3	1.995627E+0	764.310967E-3	-10.621217E+0	792.537579E+0	-243.512433E+0	829.104408E+0	-17.079923E+0	
72.431349E+3	1.994357E+0	757.795660E-3	-8.911165E+0	809.610716E+0	-206.281806E+0	835.476927E+0	-14.294326E+0	
63.090751E+3	1.992934E+0	748.626975E-3	-8.804827E+0	825.158052E+0	-206.188987E+0	850.529076E+0	-14.029674E+0	
54.946180E+3	1.991297E+0	740.561445E-3	-8.009830E+0	841.310939E+0	-189.587933E+0	862.408071E+0	-12.699373E+0	
47.879800E+3	1.989782E+0	732.018467E-3	-9.206779E+0	851.696878E+0	-220.063765E+0	879.667910E+0	-14.487387E+0	
41.694771E+3	1.985902E+0	725.289482E-3	-8.254623E+0	865.115827E+0	-198.915279E+0	887.689519E+0	-12.948905E+0	
36.332331E+3	1.983360E+0	717.843720E-3	-8.971322E+0	874.945293E+0	-218.011764E+0	901.697508E+0	-13.991578E+0	
31.643264E+3	1.984396E+0	709.176552E-3	-9.113625E+0	891.999679E+0	-224.264253E+0	919.759688E+0	-14.112653E+0	
27.566529E+3	1.979300E+0	699.752767E-3	-9.468563E+0	905.756876E+0	-235.450848E+0	935.859295E+0	-14.571494E+0	
24.024271E+3	1.979439E+0	690.469384E-3	-9.465184E+0	924.852803E+0	-238.548926E+0	955.122137E+0	-14.463163E+0	
20.925598E+3	1.977350E+0	682.616269E-3	-10.830969E+0	933.630431E+0	-275.430719E+0	973.410429E+0	-16.436609E+0	
18.242991E+3	1.980152E+0	675.877182E-3	-11.056407E+0	948.938110E+0	-284.298090E+0	990.610388E+0	-16.678007E+0	
15.894271E+3	1.978194E+0	666.923459E-3	-10.598960E+0	969.264451E+0	-276.060518E+0	1.007811E+3	-15.897719E+0	
13.840101E+3	1.979248E+0	659.054856E-3	-11.332707E+0	983.971140E+0	-298.610222E+0	1.028284E+3	-16.881710E+0	
12.062810E+3	1.979613E+0	651.547310E-3	-11.631636E+0	999.820914E+0	-309.967204E+0	1.046767E+3	-17.224624E+0	
10.514177E+3	1.980551E+0	641.824711E-3	-11.502386E+0	1.024062E+3	-311.361053E+0	1.070350E+3	-16.911634E+0	
9.166636E+3	1.979914E+0	632.259562E-3	-13.044328E+0	1.037646E+3	-357.636810E+0	1.097548E+3	-19.017117E+0	
7.995006E+3	1.981300E+0	621.732596E-3	-15.823106E+0	1.045390E+3	-439.674894E+0	1.134087E+3	-22.810874E+0	
6.962364E+3	1.981169E+0	611.675631E-3	-13.880749E+0	1.085033E+3	-393.173688E+0	1.154072E+3	-19.918537E+0	
6.070171E+3	1.981626E+0	600.953282E-3	-13.643225E+0	1.115440E+3	-393.562787E+0	1.182835E+3	-19.434461E+0	
5.292025E+3	1.982211E+0	590.049079E-3	-14.746957E+0	1.137862E+3	-432.699502E+0	1.217358E+3	-20.820509E+0	
4.616233E+3	1.984749E+0	580.438564E-3	-15.239767E+0	1.163370E+3	-454.802146E+0	1.249109E+3	-21.352276E+0	
4.027555E+3	1.982680E+0	569.204825E-3	-15.421318E+0	1.193065E+3	-468.680774E+0	1.281822E+3	-21.446760E+0	
3.514032E+3	1.985249E+0	557.728115E-3	-17.092475E+0	1.215569E+3	-529.376328E+0	1.325838E+3	-23.532966E+0	
3.067550E+3	1.985131E+0	547.698932E-3	-18.091114E+0	1.237328E+3	-569.508243E+0	1.362102E+3	-24.715320E+0	
2.678025E+3	1.987905E+0	536.906202E-3	-18.046267E+0	1.275312E+3	-580.373909E+0	1.401161E+3	-24.469524E+0	
2.339287E+3	1.989466E+0	523.743784E-3	-18.693166E+0	1.314673E+3	-616.021901E+0	1.451843E+3	-25.106572E+0	
2.043768E+3	1.992999E+0	511.177138E-3	-18.644267E+0	1.363284E+3	-630.691852E+0	1.502104E+3	-24.826527E+0	
1.787148E+3	1.994538E+0	499.382844E-3	-19.620902E+0	1.397620E+3	-678.631048E+0	1.553667E+3	-25.899451E+0	
1.563532E+3	1.994016E+0	486.201147E-3	-20.714488E+0	1.435062E+3	-734.027225E+0	1.611893E+3	-27.089520E+0	
1.367148E+3	1.996237E+0	473.290465E-3	-21.562409E+0	1.478843E+3	-784.349009E+0	1.673971E+3	-27.940590E+0	
1.197660E+3	1.998452E+0	462.295850E-3	-22.388395E+0	1.516503E+3	-833.136192E+0	1.730288E+3	-28.783514E+0	
1.049744E+3	2.000296E+0	451.357732E-3	-23.012850E+0	1.557995E+3	-876.660200E+0	1.787703E+3	-29.365801E+0	
920.595848E+0	2.000532E+0	441.797619E-3	-23.705134E+0	1.591930E+3	-921.151303E+0	1.839229E+3	-30.055302E+0	
808.313896E+0	1.999866E+0	432.022031E-3	-26.448284E+0	1.591162E+3	-1.043244E+3	1.902671E+3	-33.250818E+0	
710.121233E+0	2.003380E+0	420.398672E-3	-24.380844E+0	1.690271E+3	-995.387570E+0	1.961584E+3	-30.493500E+0	
624.985464E+0	2.004240E+0	409.335577E-3	-25.811598E+0	1.724358E+3	-1.078754E+3	2.033992E+3	-32.029999E+0	
550.531579E+0	2.006542E+0	397.632331E-3	-26.038398E+0	1.788221E+3	-1.120870E+3	2.110470E+3	-32.079793E+0	
486.437508E+0	2.008385E+0	385.090377E-3	-26.882175E+0	1.847800E+3	-1.193230E+3	2.199583E+3	-32.852646E+0	
429.820069E+0	2.010386E+0	375.265321E-3	-27.646417E+0	1.895270E+3	-1.257832E+3	2.274684E+3	-33.570991E+0	
380.721614E+0	2.009156E+0	363.576495E-3	-28.503541E+0	1.951266E+3	-1.334383E+3	2.363899E+3	-34.366471E+0	
338.068532E+0	2.013543E+0	353.194213E-3	-29.163348E+0	2.013002E+3	-1.405709E+3	2.455238E+3	-34.927159E+0	
300.983795E+0	2.014434E+0	341.697444E-3	-29.528852E+0	2.089582E+3	-1.470236E+3	2.554985E+3	-35.130321E+0	
268.539047E+0	2.018032E+0	333.216528E-3	-30.944674E+0	2.122266E+3	-1.575769E+3	2.643305E+3	-36.593659E+0	
240.964654E+0	2.018622E+0	322.501120E-3	-31.534278E+0	2.193484E+3	-1.656468E+3	2.748683E+3	-37.059256E+0	
215.833837E+0	2.023152E+0	313.156354E-3	-32.150056E+0	2.261742E+3	-1.739572E+3	2.853347E+3	-37.564950E+0	
194.390283E+0	2.027941E+0	305.179965E-3	-31.983808E+0	2.345983E+3	-1.780996E+3	2.945434E+3	-37.204622E+0	
175.777083E+0	2.032152E+0	294.859778E-3	-31.318191E+0	2.473191E+3	-1.812673E+3	3.066343E+3	-36.238752E+0	
159.863608E+0	2.034744E+0	285.490465E-3	-34.065859E+0	2.481485E+3	-2.020085E+3	3.199767E+3	-39.147748E+0	
145.419701E+0	2.042408E+0	278.358475E-3	-34.059075E+0	2.569817E+3	-2.079282E+3	3.305657E+3	-38.976905E+0	
132.838183E+0	2.058729E+0	270.747532E-3	-34.096065E+0	2.680159E+3	-2.156873E+3	3.440255E+3	-38.825564E+0	
119.825884E+0	2.087543E+0	267.016372E-3	-31.422317E+0	2.869779E+3	-2.062390E+3	3.533990E+3	-35.703214E+0	
111.450239E+0	2.100861E+0	260.150174E-3	-32.964231E+0	2.922396E+3	-2.223385E+3	3.672035E+3	-37.264198E+0	
104.518521E+0	2.068142E+0	250.292074E-3	-35.060750E+0	2.916359E+3	-2.401773E+3	3.778050E+3	-39.473232E+0	
98.543606E+0	2.001124E+0	235.765484E-3	-36.271636E+0	2.956570E+3	-2.540872E+3	3.898376E+3	-40.675720E+0	
93.318765E+0	1.921478E+0	224.173741E-3	-38.483534E+0	2.889039E+3	-2.698943E+3	3.953586E+3	-43.051625E+0	
88.562968E+0	1.834777E+0	212.415761E-3	-38.846757E+0	2.897986E+3	-2.741452E+3	3.989221E+3	-43.410044E+0	
84.237288E+0	1.755727E+0	201.185780E-3	-37.618017E+0	2.991752E+3	-2.695384E+3	4.026869E+3	-42.016904E+0	
80.379399E+0	1.685592E+0	190.332315E-3	-41.245251E+0	2.863359E+3	-2.954354E+3	4.114248E+3	-45.896097E+0	
76.770087E+0	1.629041E+0	181.766956E-3	-42.043066E+0	2.861806E+3	-3.036973E+3	4.172905E+3	-46.700925E+0	
72.486351E+0	1.695867E+0	180.781307E-3	-39.850473E+0	3.138109E+3	-3.041599E+3	4.370246E+3	-44.105277E+0	
70.691802E+0	1.454331E+0	155.668031E-3	-41.083484E+0	3.057226E+3	-3.106592E+3	4.358617E+3	-45.458870E+0	
68.973529E+0	1.230823E+0	132.146288E-3	-41.192864E+0	3.040466E+3	-3.103917E+3	4.344967E+3	-45.591645E+0	
67.222897E+0	1.038899E+0	112.267835E-3	-40.723391E+0	3.042641E+3	-3.054834E+3	4.311575E+3	-45.114575E+0	
65.455272E+0	890.523068E-3	95.384788E-3	-40.123649E+0	3.106288E+3	-3.044378E+3	4.349398E+3	-44.423305E+0	
61.147614E+0	828.418287E-3	89.346148E-3	-37.981677E+0	3.191984E+3	-2.887277E+3	4.304083E+3	-42.130609E+0	
57.356951E+0	844.682606E-3	90.003905E-3	-36.231162E+0	3.324557E+3	-2.806744E+3	4.350919E+3	-40.172602E+0	
54.439079E+0	906.400588E-3	96.571758E-3	-33.196142E+0	3.468137E+3	-2.600220E+3	4.334642E+3	-36.860565E+0	
52.422349E+0	990.885409E-3	104.125765E-3	-33.300479E+0	3.518571E+3	-2.643697E+3	4.401076E+3	-36.919566E+0	
51.051945E+0	1.081367E+0	110.611712E-3	-29.788934E+0	3.787117E+3	-2.457590E+3	4.514644E+3	-32.980923E+0	
50.129460E+0	1.165355E+0	119.286046E-3	-30.072794E+0	3.771899E+3	-2.477098E+3	4.512565E+3	-33.293883E+0	
49.532125E+0	1.241290E+0	125.162522E-3	-395.140194E+0	3.597629E+3	-2.888381E+3	4.613641E+3	-38.759483E+0	
49.118629E+0	1.307222E+0	130.985554E-3	-31.967453E+0	3.778014E+3	-2.673567E+3	4.628321E+3	-35.285689E+0	
50.974480E+0	1.360652E+0	134.040404E-3	303.785870E+0	2.350325E+3	-4.269004E+3	4.873235E+3	-61.164764E+0	
50.645542E+0	1.405969E+0	138.284488E-3	-35.038023E+0	3.706261E+3	-2.953625E+3	4.739227E+3	-38.552338E+0	
50.379016E+0	1.444134E+0	141.673165E-3	-34.464402E+0	3.746550E+3	-2.918808E+3	4.749324E+3	-37.920929E+0	
50.114985E+0	1.478308E+0	143.883454E-3	-34.787128E+0	3.763670E+3	-2.966076E+3	4.791954E+3	-38.240962E+0	
49.927689E+0	1.505646E+0	145.959862E-3	-392.277860E+0	3.907033E+3	-2.787418E+3	4.799438E+3	-35.505422E+0	
49.767944E+0	1.528421E+0	148.566207E-3	-36.754026E+0	3.664815E+3	-3.114952E+3	4.809760E+3	-40.363257E+0	
49.569236E+0	1.551774E+0	150.219149E-3	-36.538228E+0	3.693695E+3	-3.111949E+3	4.829867E+3	-40.114240E+0	
49.460825E+0	1.568239E+0	150.812142E-3	-36.161276E+0	3.742086E+3	-3.104722E+3	4.862356E+3	-39.681708E+0	
4.980605E+3	4.088424E-3	1.214917E-3	-70.464535E+0	63.394747E+0	-1.604764E+3	1.606015E+3	-87.737758E+0	
870.878464E+3	1.954186E+0	1.020707E+0	-9.798923E+0	448.624754E+0	-164.873848E+0	477.961877E+0	-20.178858E+0	
758.545448E+3	1.958188E+0	1.000887E+0	-12.133449E+0	461.850091E+0	-208.080146E+0	506.559823E+0	-24.253285E+0	
660.779490E+3	1.966329E+0	979.102542E-3	-8.572064E+0	498.846519E+0	-151.467640E+0	521.335108E+0	-16.890166E+0	
575.485668E+3	1.973029E+0	958.621594E-3	-10.679753E+0	517.406367E+0	-193.000104E+0	552.230377E+0	-20.456247E+0	
501.090637E+3	1.976771E+0	937.406611E-3	-11.544934E+0	539.447544E+0	-213.552672E+0	580.179625E+0	-21.597271E+0	
436.496814E+3	1.980576E+0	913.542796E-3	-12.175925E+0	566.338393E+0	-231.376172E+0	611.779460E+0	-22.222350E+0	
380.177730E+3	1.984551E+0	895.554032E-3	-11.304858E+0	593.542660E+0	-219.807249E+0	632.936108E+0	-20.321153E+0	
331.135771E+3	1.989650E+0	878.025338E-3	-11.454730E+0	617.783170E+0	-227.711745E+0	658.413764E+0	-20.233631E+0	
288.371374E+3	1.992933E+0	860.626328E-3	-11.188858E+0	643.461616E+0	-227.367249E+0	682.450523E+0	-19.460868E+0	
251.260500E+3	1.996286E+0	845.415167E-3	-10.562378E+0	668.576967E+0	-219.017940E+0	703.536793E+0	-18.138186E+0	
218.786858E+3	1.997943E+0	832.272363E-3	-10.133413E+0	689.749118E+0	-213.714889E+0	722.099646E+0	-17.215301E+0	
190.459483E+3	1.998628E+0	820.244826E-3	-9.408861E+0	710.345124E+0	-201.557898E+0	738.387284E+0	-15.841102E+0	
165.959771E+3	2.000976E+0	808.615278E-3	-9.576462E+0	728.683703E+0	-208.309416E+0	757.873836E+0	-15.953688E+0	
144.531053E+3	1.998871E+0	799.059758E-3	-9.379425E+0	742.850930E+0	-206.285206E+0	770.961148E+0	-15.519652E+0	
125.827310E+3	2.000122E+0	789.731294E-3	-9.342291E+0	758.528991E+0	-208.033072E+0	786.539248E+0	-15.336749E+0	
109.659944E+3	2.000377E+0	781.496364E-3	-8.213694E+0	775.909510E+0	-185.038736E+0	797.668416E+0	-13.413347E+0	
95.534253E+3	1.997398E+0	774.640588E-3	-8.710824E+0	783.662967E+0	-197.595517E+0	808.190346E+0	-14.151774E+0	
83.212668E+3	1.996490E+0	765.234706E-3	-10.023458E+0	793.999054E+0	-229.773746E+0	826.577565E+0	-16.139805E+0	
72.432356E+3	1.993034E+0	758.547512E-3	-8.871222E+0	807.577694E+0	-205.024888E+0	833.196817E+0	-14.245087E+0	
63.089760E+3	1.992526E+0	750.455793E-3	-8.106001E+0	824.051742E+0	-189.436523E+0	845.545664E+0	-12.946466E+0	
54.959856E+3	1.992411E+0	742.103973E-3	-8.550291E+0	837.417188E+0	-201.980714E+0	861.431225E+0	-13.560447E+0	
47.879974E+3	1.989330E+0	734.078048E-3	-8.777058E+0	849.187420E+0	-209.238483E+0	874.585626E+0	-13.841866E+0	
41.696358E+3	1.986264E+0	726.227984E-3	-8.807471E+0	861.612238E+0	-211.900163E+0	887.286497E+0	-13.816800E+0	
36.332022E+3	1.983563E+0	719.592833E-3	-8.652433E+0	872.918608E+0	-209.832750E+0	897.784316E+0	-13.516354E+0	
31.643348E+3	1.983678E+0	710.955163E-3	-9.107891E+0	888.020438E+0	-223.482820E+0	915.710036E+0	-14.125943E+0	
27.567347E+3	1.980139E+0	702.187897E-3	-8.992559E+0	903.359374E+0	-223.032979E+0	930.484749E+0	-13.868567E+0	
24.018967E+3	1.977643E+0	694.467761E-3	-10.164380E+0	912.326620E+0	-254.287044E+0	947.101769E+0	-15.574413E+0	
20.928684E+3	1.978064E+0	685.492879E-3	-9.897297E+0	932.387633E+0	-250.968904E+0	965.573450E+0	-15.065134E+0	
18.239829E+3	1.978805E+0	678.657564E-3	-10.223050E+0	945.953508E+0	-261.850745E+0	981.526287E+0	-15.472697E+0	
15.894463E+3	1.977926E+0	670.543026E-3	-11.619456E+0	955.980043E+0	-300.618813E+0	1.002132E+3	-17.456349E+0	
13.842199E+3	1.977267E+0	662.299607E-3	-11.281469E+0	975.452274E+0	-295.525129E+0	1.019236E+3	-16.854823E+0	
12.067718E+3	1.977272E+0	655.441722E-3	-11.639392E+0	989.062083E+0	-307.963508E+0	1.035898E+3	-17.294982E+0	
10.516089E+3	1.979397E+0	644.245847E-3	-11.363842E+0	1.018169E+3	-306.325631E+0	1.063252E+3	-16.744397E+0	
9.168106E+3	1.980484E+0	635.567018E-3	-13.179486E+0	1.029211E+3	-359.500629E+0	1.090191E+3	-19.254171E+0	
7.995340E+3	1.978791E+0	624.357306E-3	-15.929368E+0	1.036098E+3	-440.132879E+0	1.125707E+3	-23.015712E+0	
6.962450E+3	1.979721E+0	614.077250E-3	-13.405778E+0	1.080842E+3	-378.208290E+0	1.145103E+3	-19.285960E+0	
6.070251E+3	1.980909E+0	603.360177E-3	-13.792298E+0	1.107363E+3	-396.049899E+0	1.176056E+3	-19.679667E+0	
5.292412E+3	1.982428E+0	594.321256E-3	-14.402833E+0	1.128775E+3	-419.825047E+0	1.204320E+3	-20.401667E+0	
4.616744E+3	1.985121E+0	582.109058E-3	-15.057890E+0	1.160322E+3	-448.294722E+0	1.243912E+3	-21.124218E+0	
4.027269E+3	1.983572E+0	569.911743E-3	-15.316908E+0	1.192571E+3	-465.215346E+0	1.280098E+3	-21.310476E+0	
3.513484E+3	1.983603E+0	560.835166E-3	-16.019040E+0	1.214166E+3	-493.868294E+0	1.310765E+3	-22.134291E+0	
3.067890E+3	1.986713E+0	549.844818E-3	-17.734532E+0	1.235408E+3	-556.910871E+0	1.355132E+3	-24.265424E+0	
2.678559E+3	1.986940E+0	537.506749E-3	-17.658538E+0	1.276339E+3	-567.395999E+0	1.396774E+3	-23.967526E+0	
2.339554E+3	1.989683E+0	525.494385E-3	-18.044045E+0	1.315646E+3	-593.437286E+0	1.443292E+3	-24.278302E+0	
2.043700E+3	1.991144E+0	511.401855E-3	-18.700089E+0	1.360109E+3	-631.646402E+0	1.499625E+3	-24.910557E+0	
1.787193E+3	1.993899E+0	499.342404E-3	-20.107995E+0	1.391327E+3	-694.623416E+0	1.555086E+3	-26.530771E+0	
1.563246E+3	1.994152E+0	487.704947E-3	-20.486592E+0	1.432105E+3	-724.110746E+0	1.604762E+3	-26.822391E+0	
1.367081E+3	1.998259E+0	474.342728E-3	-20.831271E+0	1.486281E+3	-758.041092E+0	1.668430E+3	-27.022737E+0	
1.197575E+3	1.998251E+0	462.760647E-3	-21.995932E+0	1.519921E+3	-818.357752E+0	1.726229E+3	-28.298972E+0	
1.049565E+3	1.999390E+0	450.352813E-3	-23.341350E+0	1.556594E+3	-890.058497E+0	1.793095E+3	-29.760868E+0	
920.690636E+0	2.001131E+0	442.805479E-3	-23.766341E+0	1.586799E+3	-921.565935E+0	1.834997E+3	-30.146759E+0	
808.390731E+0	2.000674E+0	433.421055E-3	-26.497759E+0	1.584338E+3	-1.042102E+3	1.896340E+3	-33.335012E+0	
710.038217E+0	2.002110E+0	422.033588E-3	-24.000098E+0	1.686912E+3	-976.351959E+0	1.949086E+3	-30.061422E+0	
624.939065E+0	2.005628E+0	409.784671E-3	-25.867161E+0	1.722410E+3	-1.080480E+3	2.033256E+3	-32.100338E+0	
550.733126E+0	2.006468E+0	397.635878E-3	-25.591810E+0	1.796782E+3	-1.102903E+3	2.108274E+3	-31.542500E+0	
486.547004E+0	2.008158E+0	387.033122E-3	-27.475049E+0	1.823312E+3	-1.211274E+3	2.188984E+3	-33.597134E+0	
429.837299E+0	2.009762E+0	375.424046E-3	-26.972657E+0	1.908123E+3	-1.228606E+3	2.269451E+3	-32.776761E+0	
380.783074E+0	2.010163E+0	364.136417E-3	-27.497569E+0	1.971743E+3	-1.289698E+3	2.356075E+3	-33.188307E+0	
338.038923E+0	2.011888E+0	353.345171E-3	-28.661205E+0	2.022064E+3	-1.381851E+3	2.449133E+3	-34.348161E+0	
300.981874E+0	2.015500E+0	340.867889E-3	-29.458188E+0	2.099092E+3	-1.471382E+3	2.563426E+3	-35.028955E+0	
268.456212E+0	2.018840E+0	333.103376E-3	-29.972682E+0	2.150583E+3	-1.532091E+3	2.640513E+3	-35.466339E+0	
240.964048E+0	2.017978E+0	323.977896E-3	-31.570456E+0	2.179280E+3	-1.650087E+3	2.733505E+3	-37.131942E+0	
215.798161E+0	2.024117E+0	313.998796E-3	-31.563675E+0	2.273251E+3	-1.707379E+3	2.843029E+3	-36.909243E+0	
194.416800E+0	2.029240E+0	305.349695E-3	-31.899814E+0	2.348832E+3	-1.776964E+3	2.945270E+3	-37.108624E+0	
175.795045E+0	2.032931E+0	294.583493E-3	-32.804034E+0	2.429061E+3	-1.891810E+3	3.078844E+3	-37.912303E+0	
159.848782E+0	2.035694E+0	284.755002E-3	-33.553996E+0	2.508582E+3	-1.999396E+3	3.207891E+3	-38.555637E+0	
145.408492E+0	2.042216E+0	278.789050E-3	-34.317401E+0	2.555387E+3	-2.089699E+3	3.301037E+3	-39.275009E+0	
132.838898E+0	2.057756E+0	271.471280E-3	-33.937846E+0	2.676088E+3	-2.141327E+3	3.427350E+3	-38.665765E+0	
119.834773E+0	2.086736E+0	267.754873E-3	-32.720934E+0	2.811711E+3	-2.131645E+3	3.528403E+3	-37.166888E+0	
111.477622E+0	2.099749E+0	259.978384E-3	-33.529882E+0	2.900726E+3	-2.257419E+3	3.675616E+3	-37.890961E+0	
104.525078E+0	2.069172E+0	251.659776E-3	-35.337455E+0	2.887872E+3	-2.406328E+3	3.759018E+3	-39.802851E+0	
98.536297E+0	2.003034E+0	237.687060E-3	-36.816164E+0	2.907725E+3	-2.555295E+3	3.870969E+3	-41.308852E+0	
93.313489E+0	1.920799E+0	225.202000E-3	-38.179720E+0	2.886536E+3	-2.667719E+3	3.930498E+3	-42.743923E+0	
88.544512E+0	1.835845E+0	212.229580E-3	-38.207033E+0	2.933396E+3	-2.707222E+3	3.991724E+3	-42.703813E+0	
84.269974E+0	1.755981E+0	201.471957E-3	-38.230083E+0	2.958333E+3	-2.729108E+3	4.024893E+3	-42.692015E+0	
80.344043E+0	1.685223E+0	191.415415E-3	-41.022779E+0	2.854939E+3	-2.923967E+3	4.086595E+3	-45.684350E+0	
76.749299E+0	1.629409E+0	182.323192E-3	-37.750637E+0	3.069535E+3	-2.768539E+3	4.133625E+3	-42.048586E+0	
72.496431E+0	1.693766E+0	181.288090E-3	-39.222051E+0	3.156426E+3	-2.989350E+3	4.347325E+3	-43.442765E+0	
70.686095E+0	1.454830E+0	156.746750E-3	-39.641756E+0	3.110448E+3	-2.996228E+3	4.318827E+3	-43.928458E+0	
68.967485E+0	1.231856E+0	132.281007E-3	-41.822079E+0	3.005535E+3	-3.142110E+3	4.348114E+3	-46.272667E+0	
67.212865E+0	1.039212E+0	112.475390E-3	-40.617893E+0	3.042769E+3	-3.043586E+3	4.303702E+3	-45.007690E+0	
65.421743E+0	890.479403E-3	96.675246E-3	-40.105342E+0	3.058855E+3	-3.002454E+3	4.286178E+3	-44.466881E+0	
61.150826E+0	828.431479E-3	89.749994E-3	-39.245163E+0	3.111128E+3	-2.954808E+3	4.290689E+3	-43.523811E+0	
57.360142E+0	844.474226E-3	91.094075E-3	-36.052693E+0	3.286398E+3	-2.760671E+3	4.292053E+3	-40.031245E+0	
54.437523E+0	907.297984E-3	96.177726E-3	-32.318078E+0	3.527951E+3	-2.551939E+3	4.354174E+3	-35.880058E+0	
52.410623E+0	992.457633E-3	104.569916E-3	-32.763944E+0	3.532349E+3	-2.598943E+3	4.385430E+3	-36.343958E+0	
51.058487E+0	1.081336E+0	111.800228E-3	-30.506669E+0	3.710570E+3	-2.484411E+3	4.465493E+3	-33.804271E+0	
50.164076E+0	1.166180E+0	119.442600E-3	-30.918509E+0	3.732315E+3	-2.538439E+3	4.513739E+3	-34.220583E+0	
49.545412E+0	1.242924E+0	126.020642E-3	-394.173444E+0	3.622933E+3	-2.803223E+3	4.580797E+3	-37.730703E+0	
49.122199E+0	1.307416E+0	130.133083E-3	-32.568429E+0	3.778252E+3	-2.736568E+3	4.665190E+3	-35.915620E+0	
50.963350E+0	1.361657E+0	134.939821E-3	305.862909E+0	2.485320E+3	-4.137983E+3	4.826978E+3	-59.010494E+0	
50.652966E+0	1.406284E+0	138.089393E-3	-33.550444E+0	3.788537E+3	-2.847933E+3	4.739592E+3	-36.933047E+0	
50.366143E+0	1.448333E+0	142.425639E-3	-35.001320E+0	3.708909E+3	-2.951456E+3	4.739947E+3	-38.511885E+0	
50.125179E+0	1.477333E+0	145.064300E-3	-34.806491E+0	3.725128E+3	-2.941422E+3	4.746424E+3	-38.295194E+0	
49.926983E+0	1.505675E+0	147.214806E-3	-392.623821E+0	3.852730E+3	-2.790078E+3	4.756897E+3	-35.911383E+0	
49.766538E+0	1.527689E+0	148.496776E-3	-35.504778E+0	3.731684E+3	-3.023244E+3	4.802652E+3	-39.012847E+0	
49.565133E+0	1.551805E+0	150.467794E-3	-36.077821E+0	3.711669E+3	-3.073077E+3	4.818744E+3	-39.623063E+0	
49.453759E+0	1.567741E+0	152.189457E-3	-35.599910E+0	3.732236E+3	-3.034269E+3	4.810029E+3	-39.110750E+0	
49.336640E+0	1.580878E+0	153.508571E-3	-36.456085E+0	3.685226E+3	-3.096376E+3	4.813360E+3	-40.037421E+0	
	

	
	

